BX= 000 event= 1 seed= CT_L1L2 phisector= 13
00 0.000213369 2.8591 -0.666016 -1.875 000000000 001000000 000000000 001000000 000000000 001000000
BX= 000 event= 1 seed= CT_L1L2 phisector= 26
00 -0.000208318 -0.282229 0.671875 -1.99219 010000001 010000000 010000000 010000000 010000000 011000000
BX= 001 event= 2 seed= CT_D1D2 phisector= 13
00 -0.00296696 2.89697 -3.88867 -3.39844 001000000 010000000 111111111 111111111 111111111 111111111
BX= 001 event= 2 seed= CT_D1D2 phisector= 26
00 0.00292151 -0.250749 3.88086 -1.93359 010000000 010000000 111111111 001000000 001000000 001000000
BX= 010 event= 3 seed= CT_D1D2 phisector= 12
00 0.000270183 2.75974 -2.625 -0.351562 010000000 010000000 111111111 111111111 111111111 111111111
BX= 010 event= 3 seed= CT_D1D2 phisector= 26
00 -0.000270183 -0.381374 2.60547 -1.05469 001000000 001000000 111111111 001000000 001000000 001000000
BX= 100 event= 5 seed= CT_L1L2 phisector= 10
00 -0.000813073 2.29987 -1.94727 3.57422 010000000 011000000 010000000 000000000 000000000 000000000
BX= 100 event= 5 seed= CT_L1L2 phisector= 24
00 0.000824436 -0.843164 1.94727 3.63281 000000000 001000000 000000000 000000000 000000000 000000000
BX= 101 event= 6 seed= CT_L1L2 phisector= 7
00 0.000214631 1.51501 -0.0625 1.93359 001000000 010000000 001000000 001000001 001000000 001000000
BX= 101 event= 6 seed= CT_L1L2 phisector= 21
00 -0.000208318 -1.62652 0.0585938 1.69922 000000000 000000000 000000000 000000000 000000000 000000000
BX= 110 event= 7 seed= CT_L1L2 phisector= 5
00 0.000147717 0.976133 1.73047 -3.10547 000000000 001000000 000000000 111111111 000000000 000000000
BX= 110 event= 7 seed= CT_L1L2 phisector= 18
00 -0.000126254 -2.16529 -1.74023 -2.92969 010000000 010000000 010000000 010000000 010000000 010000000
BX= 111 event= 8 seed= CT_L3L4 phisector= 4
00 8.58524e-05 0.755216 -1.13477 1.46484 000000000 001000000 000000000 001000000 000000000 111111111
BX= 111 event= 8 seed= CT_L1L2 phisector= 17
00 -8.7115e-05 -2.38625 1.12695 1.11328 010000000 010000000 010000000 010000000 010000000 111111111
BX= 000 event= 9 seed= CT_D1D2 phisector= 5
00 -0.00027397 1.13839 3.67188 4.10156 010000000 010000000 111111111 010000000 010000000 010000000
BX= 000 event= 9 seed= CT_D3D4 phisector= 19
00 0.000284071 -2.00313 -3.66797 4.04297 001000001 001000001 111111111 111111111 111111111 111111111
BX= 001 event= 10 seed= CT_D1D2 phisector= 13
00 -0.00183951 2.87742 -3.77344 -1.69922 001000000 001000000 111111111 111111111 111111111 111111111
BX= 001 event= 10 seed= CT_D1D2 phisector= 26
00 0.00184961 -0.268257 3.75586 -0.9375 010000000 010000000 111111111 001000000 001000000 001000000
BX= 010 event= 11 seed= CT_L1L2 phisector= 13
00 -0.000983515 2.86338 2.34766 -5.56641 001000000 001000000 001000000 001000000 001000000 001000000
BX= 010 event= 11 seed= CT_D1D2 phisector= 26
00 0.000963315 -0.278541 -2.33984 -4.92188 010000000 010000000 111111111 111111111 111111111 111111111
BX= 011 event= 12 seed= CT_D1D2 phisector= 10
00 0.000213369 2.14232 -2.94531 1.11328 000000000 000000000 111111111 111111111 111111111 111111111
BX= 011 event= 12 seed= CT_D1D2 phisector= 23
00 -0.000208318 -0.998735 2.92578 2.63672 010000000 010000000 111111111 010000000 010000000 010000000
BX= 100 event= 13 seed= CT_D1D2 phisector= 1
00 -0.000816861 -0.0104822 -5.24023 5.27344 000000000 000000000 111111111 111111111 111111111 111111111
BX= 100 event= 13 seed= CT_D1D2 phisector= 14
00 0.00087115 -3.15377 5.24219 4.51172 001000000 001000000 111111111 001000000 001000000 001000000
BX= 100 event= 13 seed= CT_D1L1 phisector= 27
00 -0.000590867 -0.00826172 -5.11914 2.16797 111000000 010000000 000000000 000000000 111111111 111111111
BX= 101 event= 14 seed= CT_D1L2 phisector= 6
00 0.000159079 1.39882 -2.26367 8.32031 010000001 011000000 111111111 111111111 111111111 111111111
BX= 101 event= 14 seed= CT_L1L2 phisector= 7
00 0.000161605 1.39898 -2.36133 12.832 000000000 111000000 010000000 010000000 010000000 010000000
01 0.00016413 1.39903 -2.36719 13.0078 000000010 111000000 010000000 010000000 010000001 010000001
BX= 101 event= 14 seed= CT_L1L2 phisector= 20
00 -0.000162867 -1.74251 2.37305 12.9492 001000000 010000000 001000000 001000001 001000000 001000000
BX= 110 event= 15 seed= CT_D1L1 phisector= 10
00 -0.00027397 2.10932 3.17969 5.03906 000000000 000000000 111111111 000000000 000000000 000000000
BX= 110 event= 15 seed= CT_L1L2 phisector= 23
00 0.00026387 -1.03203 -3.20703 4.62891 001000000 010000000 001000000 001000001 001000000 001000000
BX= 000 event= 17 seed= CT_L1L2 phisector= 8
00 -0.000116153 1.76128 1.0625 0.234375 001000000 010000000 001000000 010000000 001000000 111111111
BX= 000 event= 17 seed= CT_L1L2 phisector= 22
00 0.000136354 -1.37945 -1.06445 0.410156 000000000 000000000 000000000 000000000 111111111 111111111
BX= 001 event= 18 seed= CT_L1L2 phisector= 6
00 -0.00258567 1.34713 2.35156 -4.21875 010000001 011000000 000000000 000000000 000000000 000000000
BX= 001 event= 18 seed= CT_D1L2 phisector= 6
00 -0.00256673 1.34728 2.36914 -5.09766 111000001 011000000 111111111 111111111 111111111 111111111
BX= 001 event= 18 seed= CT_D1D2 phisector= 19
00 0.00259072 -1.79753 -2.36719 -3.45703 010000000 010000000 111111111 111111111 111111111 111111111
BX= 001 event= 18 seed= CT_D1L2 phisector= 20
00 0.0025983 -1.79688 -2.38672 -2.87109 111000000 000000000 111111111 111111111 111111111 111111111
BX= 010 event= 19 seed= CT_L1L2 phisector= 10
00 0.000145192 2.12588 -0.15625 2.22656 000000000 000000000 000000000 000000000 000000000 000000000
BX= 010 event= 19 seed= CT_L1L2 phisector= 23
00 -0.000145192 -1.01571 0.154297 2.16797 001000000 010000000 001000000 010000000 001000000 010000000
BX= 011 event= 20 seed= CT_L3L4 phisector= 12
00 -0.00027902 2.57314 0.396484 0.761719 000000000 000000000 000000000 000000000 000000000 000000000
BX= 011 event= 20 seed= CT_L1L2 phisector= 25
00 0.000285333 -0.568614 -0.408203 0.9375 001000000 010000000 001000000 010000000 001000000 001000000
BX= 100 event= 21 seed= CT_L3L4 phisector= 6
00 9.97403e-05 1.23615 -0.175781 -1.23047 000000000 001000000 000000000 001000000 000000000 001000000
BX= 100 event= 21 seed= CT_L1L2 phisector= 19
00 -9.34276e-05 -1.90526 0.167969 -1.11328 010000000 010000000 010000000 010000000 010000000 111111111
BX= 101 event= 22 seed= CT_L1L2 phisector= 12
00 -0.000198218 2.69561 0.207031 1.64062 001000000 010000000 001000000 010000000 001000000 010000000
BX= 101 event= 22 seed= CT_L1L2 phisector= 26
00 0.000202006 -0.445934 -0.216797 1.69922 000000000 000000000 111111111 000000000 000000000 000000000
BX= 110 event= 23 seed= CT_L1L2 phisector= 13
00 0.000195693 2.97495 -0.775391 1.40625 010000000 010000000 010000000 010000000 010000000 010000000
BX= 110 event= 23 seed= CT_L1L2 phisector= 27
00 -0.000190643 -0.166513 0.773438 1.58203 000000000 001000000 000000000 001000000 000000000 001000000
BX= 111 event= 24 seed= CT_L1L2 phisector= 3
00 -0.00026387 0.53999 -1.15234 -6.62109 001000000 001000000 001000000 111111111 001000000 111111111
BX= 111 event= 24 seed= CT_L1L2 phisector= 16
00 0.000267658 -2.60141 1.15039 -6.5625 010000000 010000000 010000000 010000000 010000000 111111111
BX= 000 event= 25 seed= CT_L1L2 phisector= 18
00 -0.000178018 -2.10443 -1.86914 3.28125 010000000 011000000 010000000 111111111 010000000 010000000
BX= 001 event= 26 seed= CT_L1L2 phisector= 7
00 -7.70147e-05 1.47866 0.791016 5.09766 001000000 001000000 001000001 001000000 001000000 001000000
BX= 001 event= 26 seed= CT_L1L2 phisector= 20
00 7.95397e-05 -1.66292 -0.789062 5.21484 010000000 011000001 010000000 011000000 010000000 010000000
BX= 010 event= 27 seed= CT_L3L4 phisector= 6
00 8.58524e-05 1.31931 0.923828 -8.37891 001000000 010000000 001000000 010000000 001000000 010000000
BX= 010 event= 27 seed= CT_L1L2 phisector= 20
00 -7.95397e-05 -1.82199 -0.929688 -8.4375 000000000 001000000 000000000 111111111 000000000 001000000
BX= 100 event= 29 seed= CT_L1L2 phisector= 11
00 8.20648e-05 2.34822 -0.353516 -4.04297 000000000 000000000 000000000 000000000 000000000 000000000
BX= 100 event= 29 seed= CT_L1L2 phisector= 24
00 -8.20648e-05 -0.793357 0.353516 -4.16016 001000000 010000000 111111111 010000000 001000000 010000000
BX= 101 event= 30 seed= CT_L1L2 phisector= 7
00 0.000114891 1.55941 1.21875 -0.292969 010000001 010000000 010000000 010000000 010000000 010000000
BX= 101 event= 30 seed= CT_L3L4 phisector= 21
00 -0.000107316 -1.58243 -1.22461 -0.351562 000000000 001000000 000000000 001000000 000000000 111111111
BX= 110 event= 31 seed= CT_L1L2 phisector= 11
00 -7.82772e-05 2.34702 -0.535156 5.03906 000000000 000000000 000000000 000000000 000000000 000000000
BX= 110 event= 31 seed= CT_L1L2 phisector= 24
00 8.08023e-05 -0.794479 0.533203 5.15625 001000000 010000001 001000000 010000000 001000000 010000000
BX= 111 event= 32 seed= CT_L1L2 phisector= 12
00 0.000297958 2.70398 2.75586 -2.69531 001000000 010000000 001000000 001000000 001000001 001000000
BX= 111 event= 32 seed= CT_D1D2 phisector= 12
00 0.000301746 2.70421 2.75195 -2.98828 001000001 001000000 111111111 001000000 001000000 001000000
BX= 111 event= 32 seed= CT_D1D2 phisector= 26
00 -0.000299221 -0.437672 -2.76758 -1.75781 000000000 000000000 111111111 111111111 111111111 111111111
BX= 000 event= 33 seed= CT_L1L2 phisector= 2
00 -0.000373711 0.424898 -1.10742 0.0585938 010000000 011000000 010000001 011000000 010000000 111111111
BX= 000 event= 33 seed= CT_L3L4 phisector= 16
00 0.000381286 -2.71653 1.10156 0.585938 000000000 001000000 000000000 001000000 000000000 111111111
BX= 001 event= 34 seed= CT_D1D2 phisector= 7
00 -0.000410324 1.40446 -4.85938 1.28906 000000000 000000000 111111111 111111111 111111111 111111111
BX= 001 event= 34 seed= CT_D1D2 phisector= 20
00 0.000412849 -1.738 4.84375 0.878906 001000000 001000000 111111111 001000000 001000000 001000000
BX= 010 event= 35 seed= CT_L1L2 phisector= 9
00 -9.97403e-05 1.94857 0.0878906 7.08984 001000000 001000000 001000000 001000000 001000000 001000000
BX= 010 event= 35 seed= CT_L1L2 phisector= 22
00 9.84778e-05 -1.19301 -0.09375 7.20703 010000000 011000000 010000000 011000000 010000000 011000000
BX= 011 event= 36 seed= CT_L1L2 phisector= 1
00 0.000483551 0.103904 -1.32812 2.05078 001000000 001000000 001000000 001000000 001000000 001000000
BX= 011 event= 36 seed= CT_L1L2 phisector= 14
00 -0.000487339 -3.03782 1.32617 1.99219 010000000 011000000 000000000 000000000 111111111 000000000
BX= 011 event= 36 seed= CT_L3L4 phisector= 15
00 -0.000487339 -3.03779 1.32617 1.99219 000000000 000000000 010000000 011000000 111111111 000000000
BX= 100 event= 37 seed= CT_L3L4 phisector= 1
00 0.000199481 0.0611367 0.271484 -1.99219 000000000 001000000 000000000 001000000 000000000 001000000
BX= 100 event= 37 seed= CT_L5L6 phisector= 14
00 -0.000198218 -3.0805 -0.273438 -1.875 010000000 010000000 010000000 010000000 010000000 010000000
BX= 101 event= 38 seed= CT_D1D2 phisector= 12
00 -0.000488601 2.55544 -3.99023 -3.69141 000000001 000000000 111111111 111111111 111111111 111111111
BX= 101 event= 38 seed= CT_D1D2 phisector= 25
00 0.000484814 -0.586312 4.01367 -3.63281 001000000 001000000 111111111 001000000 001000000 001000000
BX= 110 event= 39 seed= CT_L1L2 phisector= 3
00 0.000150242 0.678578 -1.32422 6.79688 010000000 011000000 010000001 011000000 010000000 010000000
BX= 110 event= 39 seed= CT_L3L4 phisector= 17
00 -0.000142667 -2.46285 1.32031 6.97266 001000000 001000000 001000000 001000000 111111111 001000000
BX= 111 event= 40 seed= CT_L1L2 phisector= 13
00 -0.000402749 2.93378 0.169922 3.98438 001000000 010000000 001000000 010000000 010000000 010000000
BX= 111 event= 40 seed= CT_L5L6 phisector= 27
00 0.000402749 -0.207996 -0.179688 3.63281 000000000 000000000 000000000 000000000 000000000 000000000
BX= 010 event= 43 seed= CT_D1D2 phisector= 6
00 0.000501227 1.3174 -4.91797 5.74219 001000000 001000000 111111111 111111111 111111111 111111111
BX= 010 event= 43 seed= CT_D1D2 phisector= 20
00 -0.000525215 -1.82349 4.89648 5.56641 000000000 000000000 111111111 000000000 000000000 000000000
BX= 011 event= 44 seed= CT_L5L6 phisector= 11
00 0.000753734 2.50067 0.914062 0.117188 001000000 010000000 010000000 010000000 001000000 010000000
BX= 011 event= 44 seed= CT_L1L2 phisector= 25
00 -0.000734796 -0.640588 -0.919922 0.292969 000000000 001000000 000000000 001000000 001000000 111111111
BX= 101 event= 46 seed= CT_D1D2 phisector= 5
00 0.00195946 1.0098 -4.19531 -2.87109 000000000 000000000 111111111 111111111 111111111 111111111
BX= 101 event= 46 seed= CT_D1D2 phisector= 18
00 -0.00196829 -2.12973 4.20312 -2.28516 010000001 111000000 111111111 000000000 000000000 000000000
BX= 101 event= 46 seed= CT_D3D4 phisector= 19
00 -0.00199859 -2.12953 4.20898 -2.46094 000000000 000000000 111111111 010000000 000000000 000000000
BX= 110 event= 47 seed= CT_L1L2 phisector= 13
00 -0.000334572 2.83828 -1.57812 -6.21094 000000000 001000000 000000000 111111111 000000000 000000000
BX= 110 event= 47 seed= CT_L1L2 phisector= 26
00 0.000335834 -0.303913 1.57227 -5.97656 010000001 010000000 001000000 010000000 001000000 001000000
BX= 111 event= 48 seed= CT_D1D2 phisector= 9
00 -0.00207435 2.06674 -5.10156 -2.92969 010000000 111000000 111111111 111111111 111111111 111111111
BX= 111 event= 48 seed= CT_D3D4 phisector= 10
00 -0.00209707 2.06633 -5.10938 -2.92969 000000000 000000000 111111111 111111111 111111111 111111111
BX= 111 event= 48 seed= CT_D1D2 phisector= 23
00 0.00209202 -1.07715 5.09961 -2.87109 000000001 000000000 111111111 000000000 000000000 000000001
BX= 000 event= 49 seed= CT_L1L2 phisector= 10
00 -6.94395e-05 2.14299 -0.154297 5.39062 000000000 001000000 000000000 001000000 000000000 001000000
BX= 000 event= 49 seed= CT_L1L2 phisector= 23
00 7.44896e-05 -0.998659 0.154297 5.27344 010000000 010000000 010000000 010000000 010000000 010000000
BX= 001 event= 50 seed= CT_D1L2 phisector= 4
00 -0.000272708 0.906895 -2.25 -4.21875 010000010 011000000 111111111 111111111 111111111 111111111
BX= 001 event= 50 seed= CT_D1L2 phisector= 18
00 0.000272708 -2.23539 2.25586 -4.86328 001000010 001000000 111111111 111111111 111111111 111111111
BX= 010 event= 51 seed= CT_D1D2 phisector= 12
00 0.000300483 2.58032 -4.91016 -0.234375 000000000 000000000 111111111 111111111 111111111 111111111
BX= 010 event= 51 seed= CT_D1D2 phisector= 25
00 -0.000326997 -0.560997 4.875 -0.644531 001000000 001000000 111111111 001000000 001000000 001000000
01 -0.000318159 -0.560632 4.96094 -3.51562 001000000 001000001 111111111 001000001 001000000 001000001
BX= 011 event= 52 seed= CT_L1L2 phisector= 2
00 -0.00025377 0.333073 1.70312 -5.39062 001000000 001000000 001000000 111111111 001000000 001000000
BX= 011 event= 52 seed= CT_L1L2 phisector= 15
00 0.000242407 -2.80811 -1.71484 -5.44922 010000001 011000000 010000000 010000000 010000000 010000000
BX= 100 event= 53 seed= CT_L1L2 phisector= 3
00 -9.97403e-05 0.645834 1.56836 -5.09766 010000000 010000001 010000000 111111111 010000000 010000000
BX= 100 event= 53 seed= CT_L1L2 phisector= 17
00 0.000113628 -2.49572 -1.57617 -5.39062 000000000 001000000 000000000 001000000 000000000 000000000
BX= 101 event= 54 seed= CT_L1L2 phisector= 4
00 0.000178018 0.818767 1.87305 -2.34375 001000000 010000000 111111111 001000000 001000000 001000000
BX= 101 event= 54 seed= CT_L1L2 phisector= 18
00 -0.000188118 -2.32234 -1.87305 -2.16797 000000000 000000000 000000000 000000000 000000000 000000000
BX= 110 event= 55 seed= CT_D3D4 phisector= 11
00 -0.000512589 2.34781 -4.76367 0.351562 000000001 000000000 111111111 111111111 111111111 111111111
BX= 110 event= 55 seed= CT_D1D2 phisector= 24
00 0.000493651 -0.792812 4.73633 0.9375 001000000 001000000 111111111 001000000 001000000 001000000
BX= 011 event= 60 seed= CT_L1L2 phisector= 3
00 -0.000132566 0.516757 -1.92188 8.78906 000000001 001000000 000000000 000000000 000000000 000000000
BX= 011 event= 60 seed= CT_L1L2 phisector= 16
00 0.000133829 -2.62466 1.92188 9.02344 010000000 010000000 010000000 010000000 010000000 010000000
BX= 100 event= 61 seed= CT_L3L4 phisector= 8
00 9.46902e-05 1.67819 1.01953 -1.05469 000000000 001000000 000000001 001000000 000000000 001000000
BX= 100 event= 61 seed= CT_L3L4 phisector= 21
00 -9.09026e-05 -1.46362 -1.03125 -0.761719 010000000 010000000 010000000 010000000 010000111 111111111
BX= 101 event= 62 seed= CT_D1D2 phisector= 10
00 0.00313866 2.21186 3.84766 -6.85547 000000000 000000000 111111111 000000000 000000000 000000000
BX= 101 event= 62 seed= CT_D1L1 phisector= 24
00 -0.00324219 -0.924503 -3.82617 -8.08594 000000000 000000000 111111111 111111111 001000000 001000000
BX= 110 event= 63 seed= CT_L1L2 phisector= 5
00 9.46902e-05 1.07304 0.800781 3.10547 001000000 010000000 001000000 010000000 001000000 010000000
BX= 110 event= 63 seed= CT_L1L2 phisector= 19
00 -8.964e-05 -2.06857 -0.802734 3.16406 000000001 000000000 000000000 000000000 000000000 000000000
BX= 000 event= 65 seed= CT_L1L2 phisector= 8
00 -0.000112366 1.66493 0.699219 8.96484 000000000 001000000 000000000 001000000 000000000 111111111
BX= 000 event= 65 seed= CT_L1L2 phisector= 21
00 0.000127516 -1.47738 -0.705078 8.84766 001000000 010000000 001000000 010000000 001000000 010000000
BX= 010 event= 67 seed= CT_L1L2 phisector= 10
00 6.56519e-05 2.25409 -0.0351562 -3.22266 010000000 010000000 010000000 010000000 010000001 010000000
BX= 010 event= 67 seed= CT_L1L2 phisector= 24
00 -6.81769e-05 -0.887687 0.0253906 -3.28125 000000000 001000000 000000000 001000000 000000000 001000000
BX= 100 event= 69 seed= CT_D1D2 phisector= 12
00 0.000292908 2.72872 -4.17188 1.58203 010000000 010000000 111111111 111111111 111111111 111111111
BX= 100 event= 69 seed= CT_D1L1 phisector= 26
00 -0.000275233 -0.412376 4.15039 3.45703 000000000 000000000 000000000 000000000 000000000 000000000
BX= 101 event= 70 seed= CT_L3L4 phisector= 5
00 -9.09026e-05 1.1439 -0.960938 3.10547 010000000 011000000 010000000 011000000 010000000 011000000
BX= 101 event= 70 seed= CT_L1L2 phisector= 19
00 9.46902e-05 -1.99824 0.960938 2.92969 001000000 001000000 001000000 001000000 001000000 001000000
BX= 110 event= 71 seed= CT_L1L2 phisector= 3
00 -0.000162867 0.659877 2.25 3.33984 010000000 011000000 010000000 010000000 010000000 010000000
BX= 110 event= 71 seed= CT_L1L2 phisector= 17
00 0.00016413 -2.48161 -2.23633 3.28125 000000000 001000000 000000000 000000000 000000000 000000000
BX= 111 event= 72 seed= CT_L1L2 phisector= 4
00 -0.000140141 0.717278 1.55664 -4.27734 000000001 000000000 000000000 000000000 000000000 000000000
BX= 111 event= 72 seed= CT_L3L4 phisector= 17
00 0.000148979 -2.42366 -1.55078 -4.04297 001000000 010000000 001000000 010000000 111111111 001000000
BX= 000 event= 73 seed= CT_L1L2 phisector= 5
00 -8.33274e-05 1.13459 0.386719 1.23047 010000001 011000000 010000000 011000000 010000000 011000000
BX= 000 event= 73 seed= CT_L1L2 phisector= 19
00 8.7115e-05 -2.00714 -0.380859 0.996094 001000000 001000000 001000000 001000000 001000000 001000000
BX= 001 event= 74 seed= CT_L1L2 phisector= 5
00 0.000150242 1.02329 1.99023 0.703125 001000000 001000000 001000000 001000000 001000000 001000000
BX= 001 event= 74 seed= CT_L1L2 phisector= 18
00 -0.000178018 -2.11772 -1.98633 0.820312 010000000 011000000 010000000 010000000 010000000 010000001
01 -0.00178144 -2.12446 -1.98438 0.820312 010000100 111000000 000000000 000000000 000000001 000000000
BX= 010 event= 75 seed= CT_L1L2 phisector= 5
00 -8.964e-05 1.06046 -1.04102 -5.625 001000001 010000000 001000000 010000000 001000000 111111111
BX= 010 event= 75 seed= CT_L1L2 phisector= 19
00 9.46902e-05 -2.08107 1.04297 -5.74219 000000000 000000000 000000000 000000000 000000000 000000000
BX= 011 event= 76 seed= CT_L1L2 phisector= 1
00 -0.00222333 -0.0122292 2.13086 2.46094 000000000 000000000 000000000 001000000 000000000 000000000
BX= 011 event= 76 seed= CT_D1L2 phisector= 1
00 -0.00222333 -0.0123855 2.15625 1.23047 000000001 000000000 111111111 111111111 111111111 111111111
BX= 011 event= 76 seed= CT_L1L2 phisector= 14
00 0.00218797 -3.15578 -2.12305 2.16797 000000000 001000000 000000000 000000000 000000000 000000000
BX= 011 event= 76 seed= CT_D1L2 phisector= 14
00 0.00216399 -3.1564 -2.10547 1.23047 000000001 001000001 111111111 111111111 111111111 111111111
BX= 110 event= 79 seed= CT_L1L2 phisector= 5
00 7.57521e-05 1.10845 0.738281 6.21094 010000000 010000000 010000000 010000000 010000000 010000000
BX= 110 event= 79 seed= CT_L1L2 phisector= 19
00 -7.44896e-05 -2.03331 -0.734375 6.32812 000000000 001000000 000000000 001000000 000000000 111111111
BX= 111 event= 80 seed= CT_L1L2 phisector= 1
00 -0.000146454 0.0781762 -1.50195 -1.99219 001000000 001000000 001000000 111111111 001000000 001000000
BX= 111 event= 80 seed= CT_L1L2 phisector= 14
00 0.000159079 -3.06345 1.49414 -1.875 010000000 010000000 010000000 111111111 010000000 111111111
BX= 000 event= 81 seed= CT_L1L2 phisector= 3
00 -0.00052269 0.552541 0.708984 5.09766 001000000 001000000 001000000 001000000 001000000 010000000
BX= 000 event= 81 seed= CT_L1L2 phisector= 16
00 0.000526477 -2.58907 -0.708984 5.15625 010000000 011000000 010000000 010000000 010000000 010000100
BX= 001 event= 82 seed= CT_L1L2 phisector= 13
00 -0.00136228 2.89501 -0.00195312 -4.80469 001000000 010000000 001000000 010000000 010000000 010000000
BX= 001 event= 82 seed= CT_L1L2 phisector= 26
00 0.00137364 -0.247184 -0.00390625 -4.92188 010000000 011000000 010000000 010000000 010000000 010000001
BX= 011 event= 84 seed= CT_L1L2 phisector= 4
00 -9.09026e-05 0.798248 1.05664 8.20312 001000000 001000000 001000000 001000000 001000000 111111111
BX= 011 event= 84 seed= CT_L1L2 phisector= 17
00 0.00010479 -2.34341 -1.06055 8.14453 010000001 011000000 010000000 011000000 010000000 011000000
BX= 100 event= 85 seed= CT_D1D2 phisector= 8
00 -0.00121961 1.68336 -4.84961 1.81641 000000000 000000000 111111111 111111111 111111111 111111111
BX= 100 event= 85 seed= CT_D1D2 phisector= 21
00 0.00122466 -1.4584 4.84375 2.63672 001000000 001000000 111111111 001000000 001000000 001000000
BX= 101 event= 86 seed= CT_D1D2 phisector= 2
00 0.00165897 0.36299 -2.78125 3.16406 001000001 001000000 111111111 111111111 111111111 111111111
BX= 101 event= 86 seed= CT_D1D2 phisector= 16
00 -0.0016817 -2.77803 2.85547 0.761719 000000000 000000000 111111111 000000001 001000000 001000000
BX= 110 event= 87 seed= CT_L1L2 phisector= 12
00 -7.82772e-05 2.56712 -0.0136719 -6.5625 000000000 000000000 000000000 000000000 000000000 000000000
BX= 110 event= 87 seed= CT_L1L2 phisector= 25
00 7.95397e-05 -0.574249 0.00585938 -6.62109 001000000 010000000 001000000 010000000 001000000 010000000
BX= 111 event= 88 seed= CT_L1L2 phisector= 3
00 0.000133829 0.648632 1.23047 0.996094 010000000 010000000 010000000 010000000 010000000 111111111
BX= 111 event= 88 seed= CT_L1L2 phisector= 17
00 -0.000119941 -2.49314 -1.23828 1.05469 000000001 001000000 000000000 001000000 000000000 000000000
BX= 001 event= 90 seed= CT_D1D2 phisector= 5
00 0.000892613 1.08992 3.94922 -0.292969 001000000 001000000 111111111 001000000 001000000 001000000
BX= 001 event= 90 seed= CT_D1D2 phisector= 19
00 -0.000924176 -2.0521 -3.96875 0.117188 000000000 000000000 111111111 111111111 111111111 111111111
BX= 010 event= 91 seed= CT_L1L2 phisector= 12
00 -0.00371438 2.57578 -1.62695 2.63672 000000000 001000000 001000000 010000000 111111111 010000000
BX= 010 event= 91 seed= CT_L1L2 phisector= 25
00 0.00362474 -0.561404 1.62305 2.22656 001000000 001000000 000000000 000000000 010000001 010000000
BX= 011 event= 92 seed= CT_D1D2 phisector= 11
00 0.000864837 2.43342 4.96094 1.17188 001000000 001000000 111111111 001000000 001000000 001000000
BX= 011 event= 92 seed= CT_D1D2 phisector= 25
00 -0.000830748 -0.706749 -4.99219 0.761719 000000000 000000000 111111111 111111111 111111111 111111111
BX= 100 event= 93 seed= CT_L3L4 phisector= 3
00 -0.000108578 0.525947 1.63281 0.9375 000000000 001000000 000000000 001000000 000000000 000000000
BX= 100 event= 93 seed= CT_L1L2 phisector= 16
00 0.000113628 -2.61601 -1.63281 0.820312 010000000 010000000 010000001 010000000 010000000 010000000
BX= 110 event= 95 seed= CT_L1L2 phisector= 3
00 0.000140141 0.473361 0.599609 9.90234 000000000 000000000 000000000 000000000 000000000 000000000
BX= 110 event= 95 seed= CT_L1L2 phisector= 16
00 -0.000135091 -2.66807 -0.599609 9.78516 001000000 010000000 001000000 010000000 001000000 010000000
BX= 111 event= 96 seed= CT_L1L2 phisector= 1
00 0.000213369 0.218218 0.421875 8.67188 010000000 011000000 010000000 011000000 010000000 011000000
BX= 111 event= 96 seed= CT_L1L2 phisector= 15
00 -0.000212106 -2.92354 -0.429688 8.78906 001000000 001000000 001000000 001000000 001000000 001000000
BX= 000 event= 97 seed= CT_L1L2 phisector= 12
00 0.00345935 2.76228 2.14258 2.05078 010000000 010000000 001000000 000000000 001000000 001000000
BX= 000 event= 97 seed= CT_L1L2 phisector= 26
00 -0.00351869 -0.376427 -2.15625 1.52344 001000000 010000000 010000000 000000000 010000000 010000000
BX= 000 event= 97 seed= CT_D1L2 phisector= 26
00 -0.00350985 -0.376337 -2.13281 0.703125 010000001 010000000 111111111 111111111 111111111 111111111
BX= 010 event= 99 seed= CT_L1L2 phisector= 5
00 0.000642631 1.1219 -0.0585938 6.79688 010000000 010000000 010000000 010000000 010000000 010000000
BX= 010 event= 99 seed= CT_L1L2 phisector= 19
00 -0.000628743 -2.01897 0.0507812 6.97266 001000000 001000000 001000000 001000000 001000000 001000000
BX= 011 event= 100 seed= CT_L1L2 phisector= 3
00 0.00072217 0.608436 2.75586 7.5 001000000 010000000 111111111 001000000 001000000 001000001
BX= 011 event= 100 seed= CT_L1L2 phisector= 17
00 -0.000725958 -2.53374 -2.73633 7.5 000000000 001000000 000000001 000000000 000000000 111111111
