-0.287771,-0.29479,0.11572,0.35977,-0.0111845,-53.0056
1.31953,1.31953,0.0847574,0.284194,-0.011154,0.16845
-0.258526,-0.265545,0.222077,0.625671,-0.0104068,-53.6232
-0.257356,-0.264375,-1.19443,0.401211,-0.0104061,-53.6232
-0.927651,-0.927651,0.0366559,0.254131,-0.0113062,-57.2169
-1.69738,-1.69738,0.0374229,0.158279,-0.0113268,7.0749
0.99316,0.99433,0.156042,0.931806,-0.0087785,2.0214
-1.37218,-1.37218,0.243909,0.453823,-0.0110194,-55.5885
1.99451,1.99451,0.217603,0.326109,-0.0110429,-57.3291
-0.775577,-0.777917,0.140113,0.357588,-0.0112887,-56.3746
0.514712,0.514712,0.113702,0.384351,-0.0111137,1.2353
0.0947538,0.106452,0.0619165,0.625013,-0.00972506,6.90645
-1.26689,-1.26689,0.165643,0.605391,-0.00996018,-55.42
2.03779,2.0413,0.141177,0.311705,-0.0102866,3.53745
1.82255,1.82957,0.0234253,0.209303,-0.0105514,7.01875
0.676144,0.672635,0.0911901,0.308669,-0.0112994,-55.2516
-0.23162,-0.237469,0.20718,0.530988,-0.0108131,-54.0163
-0.23162,-0.237469,-1.17971,0.306715,-0.0108177,-54.0163
-0.573202,-0.565013,0.0657515,0.442747,-0.0105575,5.55885
2.00036,1.99334,0.19352,0.527509,-0.00874046,-51.5457
1.36399,1.35814,0.177975,0.669814,-0.00945342,-52.4441
1.03995,1.03995,0.211202,0.721143,-0.00991529,0.61765
1.02942,1.03059,-1.18377,0.496902,-0.00990844,1.2353
-0.269054,-0.272563,0.21164,0.455699,-0.0111654,-54.8024
-0.270224,-0.273733,-1.18409,0.231354,-0.0111685,-54.8586
-1.29263,-1.29263,0.0225624,0.339614,-0.0106047,-55.7008
-1.52191,-1.52191,0.0375097,0.255062,-0.0108154,-54.8024
-0.437505,-0.425807,0.207668,0.823943,-0.0094519,7.4118
-0.443354,-0.431656,-1.17994,0.59941,-0.00944962,7.6364
-1.62251,-1.62251,0.167319,0.314741,-0.0111312,3.9305
1.74534,1.743,0.0769277,0.205837,-0.0111373,-54.4655
2.41447,2.41447,0.169433,0.234253,-0.0111206,-57.2169
1.6424,1.63889,0.186398,0.397002,-0.0106564,-54.3532
-1.11599,-1.11599,0.152422,0.523802,-0.0106069,-56.6553
-0.0959236,-0.0889048,0.0223798,0.505718,-0.0101466,4.492
0.608296,0.610636,0.191685,0.595274,-0.0104388,2.6952
0.601277,0.604787,-1.16431,0.371093,-0.0104472,2.97595
-2.4402,-2.4402,0.165378,0.320905,-0.00960484,4.43585
-2.27526,-2.27526,0.131695,0.283719,-0.0100492,12.353
-2.27526,-2.27526,0.131507,0.283523,-0.0100583,12.2968
-1.62134,-1.62134,0.1112,0.339979,-0.0105354,-49.8612
-1.89391,-1.89391,0.184576,0.360305,-0.0105742,8.25405
-0.687842,-0.691352,0.184106,0.720595,-0.00982094,-55.8693
0.0725276,0.05849,0.149043,0.791866,-0.00941081,-49.2997
0.0666786,0.052641,-1.12156,0.541027,-0.00941842,-49.4682
1.69153,1.69036,0.122943,0.259367,-0.0111807,-55.7008
0.148565,0.149734,0.178632,0.422682,-0.0112301,1.4599
-0.763879,-0.754521,0.0589855,0.51573,-0.0101542,7.69255
-0.604787,-0.604787,0.236033,0.453503,-0.0113032,-57.3291
-0.605956,-0.605956,0.0117012,0.229171,-0.0113055,-57.4414
1.55583,1.55349,0.0872775,0.442839,-0.009808,-55.1955
-0.307657,-0.300639,0.173952,0.550948,-0.0105902,4.43585
0.390713,0.377845,0.140611,0.623959,-0.0101367,-50.142
-2.18051,-2.18051,0.199583,0.444806,-0.00907754,-57.1607
2.4753,2.4753,0.0398243,0.114227,-0.0108268,0.95455
1.63421,1.63187,0.0783384,0.357405,-0.0101626,-54.8024
0.450373,0.441015,0.208148,0.478805,-0.0110026,-51.3211
0.452713,0.443354,0.208111,0.505367,-0.0109996,-51.3211
1.3675,1.36633,0.0826573,0.61328,-0.00924265,-55.8693
1.50787,1.51021,0.0249593,0.189452,-0.0112111,3.9305
2.08458,2.08458,0.128718,0.269758,-0.0105735,0
-0.052641,-0.0479618,0.192716,0.543118,-0.010664,2.97595
2.25888,2.25888,0.0355967,0.0963399,-0.0113001,-57.1045
-0.514712,-0.508863,0.0536257,0.483763,-0.0103026,4.7166
2.48582,2.48699,0.00853737,0.16946,-0.00934461,2.3583
2.30568,2.29515,0.189749,0.336089,-0.0101443,-48.4575
-1.03761,-1.03878,0.0354187,0.518766,-0.0101398,-56.7115
1.40844,1.40844,0.023996,0.431699,-0.0097943,0.5615
-0.0093584,-0.005849,0.188174,0.458831,-0.0110087,2.86365
-1.42365,-1.42365,0.109904,0.349074,-0.0107896,-52.7248
-2.27994,-2.27994,0.124422,0.237622,-0.0105727,2.30215
0.882029,0.882029,0.0718646,0.422271,-0.010747,0.28075
-2.33726,-2.33726,0.167232,0.255811,-0.0108253,0.16845
-2.31971,-2.31971,0.210074,0.274292,-0.0111274,-54.5778
1.9793,1.97462,0.12077,0.268124,-0.0107211,-53.1741
-1.57338,-1.57338,0.0638112,0.219251,-0.0111784,5.1658
0.656258,0.650409,0.0678424,0.365112,-0.0109592,-54.4093
1.30667,1.31252,0.0797674,0.435607,-0.0103703,6.0642
-0.297129,-0.278412,0.0703808,0.367641,-0.010976,10.9492
-0.853954,-0.862143,0.0886335,0.359282,-0.0110696,-51.2649
-1.78161,-1.78161,0.174678,0.311947,-0.0111167,-54.4093
0.0842256,0.087735,0.0393952,0.389797,-0.0106701,2.97595
-2.40979,-2.40979,0.112456,0.193205,-0.010836,-56.2623
1.95357,1.9524,0.192082,0.318389,-0.0109174,-56.0938
-0.473769,-0.463241,0.170423,0.387893,-0.011294,7.01875
-0.271394,-0.271394,0.115515,0.386168,-0.0110787,-57.2169
-2.4905,-2.4905,0.118149,0.198697,-0.010753,1.7968
-2.12436,-2.12436,0.082082,0.239256,-0.0103117,6.8503
-2.12787,-2.12787,0.082114,0.238859,-0.0103026,7.2995
-0.596598,-0.608296,0.152431,0.742094,-0.00959495,-50.4227
-0.596598,-0.607126,-1.12547,0.518324,-0.00961169,-50.3665
0.777917,0.777917,0.18559,0.535992,-0.0106693,-57.3291
0.773238,0.773238,-1.15802,0.311628,-0.0106724,0.1123
-1.11716,-1.11716,0.198012,0.629501,-0.0103193,14.7113
-0.594258,-0.590749,0.0472112,0.503965,-0.0101778,3.1444
1.99334,1.99334,0.188384,0.273223,-0.0112666,1.2353
1.31252,1.31252,0.173213,0.395901,-0.0111076,1.40375
-1.94655,-1.94655,0.182741,0.507595,-0.00900373,-56.15
-1.45055,-1.45055,0.174295,0.349731,-0.0112164,1.123
1.52659,1.52659,0.0588029,0.275753,-0.0108565,1.96525
-0.193017,-0.191847,0.189283,0.459927,-0.0110802,1.123
1.9056,1.90326,0.213037,0.411209,-0.0103353,-54.6339
1.9056,1.90209,-1.18615,0.187667,-0.0103772,-54.9147
1.34059,1.34059,0.208202,0.381926,-0.0112781,-57.1045
1.14757,1.14991,0.155001,0.387816,-0.0111936,3.2567
-2.31854,-2.31854,0.144455,0.243941,-0.0107393,1.5722
2.23783,2.23783,0.0822099,0.172638,-0.0109904,0.16845
0.40826,0.412939,0.033871,0.676694,-0.00937429,3.53745
1.00837,1.01188,0.201792,0.764889,-0.00968702,3.20055
1.00018,1.00369,-1.17391,0.540206,-0.00967713,3.5936
-0.777917,-0.787275,0.135653,0.353132,-0.0112507,-49.9735
-1.44353,-1.44353,0.200948,0.475874,-0.0106321,-55.1955
2.30802,2.30334,0.19672,0.341627,-0.0101291,-53.9601
-1.33474,-1.33474,0.0881495,0.392591,-0.0106168,-54.4655
-2.10213,-2.10213,0.187311,0.324982,-0.0105301,-54.1286
-1.06452,-1.0575,0.136593,0.64653,-0.00990996,7.7487
-2.04832,-2.04832,-1.13893,0.268142,-0.00862404,-55.5885
0.694861,0.683163,0.10711,0.829709,-0.00902275,-49.9173
-0.927651,-0.920633,0.0495944,0.373412,-0.0107614,6.1765
0.100603,0.0865652,-1.19221,0.744582,-0.00891775,-49.4682
-1.43184,-1.43184,0.151874,0.672836,-0.0091308,3.0321
-1.07856,-1.08557,0.13962,0.3571,-0.0113001,-51.2649
-1.93017,-1.93017,0.0644229,0.218808,-0.0106983,-56.3184
-2.23315,-2.23315,0.0393267,0.130964,-0.010925,4.99735
0.609466,0.621164,0.11204,0.329511,-0.0112575,8.0856
-1.18267,-1.18267,0.184768,0.560161,-0.010422,-57.273
0.0772068,0.0772068,0.0855563,0.834745,-0.00887666,1.0107
-2.4519,-2.4519,0.176797,0.223035,-0.0112895,-54.8586
0.677314,0.669126,0.154782,0.771057,-0.00949527,-52.2195
0.669126,0.662107,-1.12726,0.546734,-0.0095006,-52.5003
1.94889,1.94889,0.0796395,0.169264,-0.0113222,-57.3291
1.77225,1.77693,0.133251,0.329894,-0.0106001,4.99735
2.425,2.425,-1.16236,0.169296,-0.00880818,1.123
-1.46342,-1.46342,0.185416,0.377822,-0.0110346,-57.4414
-0.263205,-0.271394,0.0850268,0.462018,-0.0105453,-52.2756
2.4905,2.49401,0.218087,0.26895,-0.0111807,3.369
-0.808332,-0.811841,0.0669385,0.842693,-0.00876329,-54.3532
0.0503014,0.029245,0.0862366,0.383497,-0.0109684,-45.8745
-0.800143,-0.787275,0.219794,0.543607,-0.0108634,9.93855
-1.31018,-1.31018,0.197455,0.687163,-0.00958734,-55.3077
-0.572032,-0.577881,0.225766,0.496414,-0.0110909,-54.1848
-0.573202,-0.579051,0.00143811,0.272091,-0.0110939,-54.1848
1.18852,1.18852,0.116323,0.786739,-0.00901134,0.1123
1.33006,1.33123,0.20392,0.750362,-0.00924341,2.6952
1.85764,1.85413,0.146888,0.34207,-0.0104076,-54.6339
-1.21425,-1.21425,0.0991705,0.345718,-0.0110452,7.2995
0.301808,0.311167,0.119386,0.443204,-0.0108725,5.9519
-2.33726,-2.33726,0.122527,0.177322,-0.0113123,2.63905
-0.617654,-0.611805,0.0380575,0.760662,-0.00902808,4.8289
-0.354449,-0.359129,0.191228,0.488493,-0.0109197,-54.9147
0.693691,0.686673,0.225743,0.54956,-0.0108246,-53.1179
0.680824,0.674975,0.0012281,0.325041,-0.0108223,-53.6232
-1.34761,-1.34761,0.17382,0.516753,-0.0103383,-52.1634
-1.02942,-1.0341,0.164461,0.38194,-0.0112743,-54.4093
1.28093,1.28093,0.132302,0.635756,-0.0095843,1.06685
1.57104,1.57104,0.22325,0.554153,-0.00996627,1.51605
-0.478448,-0.472599,0.174199,0.418258,-0.0111982,3.8182
-0.148565,-0.142716,0.0255436,0.66838,-0.00932255,4.21125
0.773238,0.772068,0.214936,0.778042,-0.00967484,-56.4869
0.767389,0.766219,-1.18741,0.55371,-0.00967484,-56.8238
1.62134,1.61315,0.0611906,0.226574,-0.0111114,-49.4682
-1.27859,-1.27859,0.0546711,0.328794,-0.0108451,-52.3879
2.31737,2.31971,0.0796213,0.187069,-0.0105757,3.98665
-1.61081,-1.61081,0.0910166,0.37222,-0.0102082,-47.7837
-1.67866,-1.67866,0.100581,0.509777,-0.00906917,-55.7008
1.41897,1.4178,0.0333597,0.194364,-0.0113085,-55.9254
-2.39224,-2.39224,0.0649251,0.122938,-0.0111822,-51.4896
1.4564,1.45757,0.00304058,0.489685,-0.00917645,1.7968
-1.36516,-1.36516,0.155554,0.496825,-0.0102722,3.87435
-1.3558,-1.3558,0.110808,0.324187,-0.0110171,-55.6446
1.72429,1.72779,0.222131,0.428859,-0.0105978,4.7166
1.71961,1.72429,-1.19443,0.205322,-0.0105963,5.2781
-0.736974,-0.734634,0.164328,0.434981,-0.011081,1.74065
-1.75353,-1.75353,0.0869077,0.378662,-0.00979583,1.5722
0.893727,0.887878,0.0269087,0.244383,-0.011326,-52.6687
2.13839,2.1419,0.244822,0.335907,-0.0110863,3.76205
2.13488,2.13839,0.0201245,0.111511,-0.0110787,4.492
0.05849,0.064339,0.0516534,0.481795,-0.0103368,3.31285
-0.581391,-0.581391,0.051311,0.295361,-0.0111852,0.61765
0.334563,0.331053,0.199478,0.470122,-0.0110932,-55.1955
-1.48331,-1.48331,0.200678,0.351028,-0.0113298,-57.0484
0.131018,0.112301,0.059999,0.304058,-0.011135,-47.2221
-2.34896,-2.34896,-1.19677,0.103772,-0.010578,-56.2062
0.650409,0.650409,0.184247,0.667586,-0.0100492,1.5722
0.64573,0.648069,-1.15688,0.443418,-0.0100561,1.7968
-1.21425,-1.21425,0.134183,0.3291,-0.0113153,-53.7355
1.53829,1.53244,0.149733,0.347836,-0.0109638,-52.2195
-0.70305,-0.70305,0.0364094,0.679242,-0.00934842,0.5615
1.37218,1.37218,0.0604464,0.481549,-0.00989094,0.84225
-1.14406,-1.14406,0.128417,0.540922,-0.0103597,-54.5778
-2.4905,-2.4905,0.223172,0.318403,-0.0104997,2.30215
0.170791,0.17781,0.160553,0.670485,-0.00997236,5.0535
-0.301808,-0.295959,0.0708602,0.660519,-0.00957517,3.64975
-2.22496,-2.22496,0.153152,0.417327,-0.00879372,4.9412
0.76037,0.7592,0.0839037,0.301374,-0.0112788,-56.6553
1.44353,1.43885,0.0295704,0.20697,-0.0111342,-53.7917
1.76289,1.7664,0.207906,0.494812,-0.00981865,4.09895
1.75704,1.76172,-1.18044,0.271972,-0.00981865,4.8289
-1.24701,-1.24701,0.140552,0.688564,-0.00945647,7.35565
-0.893727,-0.889048,0.0792926,0.482877,-0.010416,4.6043
-0.905425,-0.904255,0.216009,0.593,-0.0106108,2.3583
-0.905425,-0.904255,-1.18842,0.368604,-0.0106108,2.4706
-2.38522,-2.38522,0.206002,0.297621,-0.0107196,0.8984
2.03545,2.03311,0.0286344,0.121107,-0.0112157,-54.3532
1.15225,1.15576,0.235495,0.644042,-0.0102775,5.33425
1.14406,1.14874,0.00965591,0.446135,-0.0102181,5.8396
-2.20741,-2.20741,0.20702,0.271484,-0.0113077,-52.3879
1.94772,1.95123,0.0710337,0.259048,-0.0102904,3.369
-2.36651,-2.36651,0.103019,0.303296,-0.00910949,-55.5885
2.05885,2.05651,0.0342545,0.269375,-0.00958049,-54.3532
-0.514712,-0.514712,0.177354,0.421413,-0.0111784,0.1123
0.898406,0.904255,0.1422,0.572342,-0.0103216,5.615
-0.419958,-0.415279,0.191411,0.408885,-0.0112902,3.2567
-2.10681,-2.10681,0.152362,0.289823,-0.0105788,-56.0377
0.791955,0.787275,0.0591453,0.409561,-0.0106754,-54.6339
0.081886,0.0772068,0.171487,0.76115,-0.0095706,-54.8586
0.789615,0.789615,0.0728599,0.290325,-0.011307,0.7861
1.0458,1.05282,0.246666,0.490721,-0.0111966,7.9733
1.04229,1.05165,0.0218502,0.265896,-0.0111791,8.1979
-1.46108,-1.46108,0.176527,0.369426,-0.0111023,0.28075
-0.0912444,-0.0900746,0.0694997,0.31355,-0.0111282,1.51605
2.44605,2.45307,0.0770144,0.161087,-0.0106564,7.1872
-0.383694,-0.383694,0.224866,0.49551,-0.0110216,-57.1607
-0.380185,-0.381355,0.000474806,0.271132,-0.0110216,-56.9361
0.825879,0.823539,0.0530322,0.350293,-0.0109357,-56.2623
0.948708,0.940519,0.232436,0.476486,-0.0111898,-50.8719
0.947538,0.939349,0.00808996,0.252149,-0.0111906,-50.9842
-0.75803,-0.752181,0.088186,0.332241,-0.0112301,4.54815
1.53595,1.54297,0.204933,0.581039,-0.00973419,7.2995
-0.355619,-0.354449,0.135886,0.406539,-0.0110209,1.7968
2.39107,2.38756,0.13831,0.26196,-0.0101923,-53.9601
-0.419958,-0.412939,0.213923,0.72386,-0.0100074,4.3797
-0.412939,-0.40709,-1.18623,0.499372,-0.0100051,4.1551
1.89859,1.89157,0.203084,0.443081,-0.00994877,-50.535
1.89742,1.8904,-1.17616,0.219694,-0.00997236,-50.928
0.458562,0.458562,0.0765898,0.400403,-0.0108405,0.28075
0.618824,0.618824,0.111292,0.355346,-0.0111677,-57.0484
-1.74066,-1.74066,0.0192525,0.298931,-0.00992214,-56.8238
0.400072,0.393053,0.245045,0.515698,-0.0110992,-53.511
0.387204,0.381355,0.0206404,0.291289,-0.0111,-53.9601
-2.16413,-2.16413,0.110274,0.208951,-0.0109813,-56.2623
-1.41312,-1.41312,0.200359,0.383529,-0.0111936,4.9412
1.45172,1.45289,0.178417,0.411739,-0.0108702,2.3583
-2.33609,-2.33609,0.226272,0.340481,-0.0104403,0.16845
-2.33492,-2.33492,0.00120071,0.115524,-0.0104007,-57.3853
0.958066,0.956896,0.0411894,0.258664,-0.0113047,-56.2062
-0.40826,-0.40826,0.102439,0.426252,-0.0107652,-57.0484
1.02124,1.03059,0.085077,0.860837,-0.00880057,9.0963
1.04463,1.04112,0.227619,0.471678,-0.0112415,-54.8586
1.49617,1.495,0.136251,0.303798,-0.0112332,-56.5992
-0.52407,-0.52641,0.162575,0.486388,-0.0108421,-55.4762
-0.247998,-0.225771,0.0440337,0.288084,-0.0111814,12.5776
-1.13003,-1.13003,0.0236033,0.419354,-0.0105073,5.0535
2.28696,2.29164,0.220319,0.313627,-0.0108535,5.7273
-1.86934,-1.86934,0.104896,0.430142,-0.00927157,-57.273
-1.86583,-1.86583,0.104713,0.431105,-0.00926091,-56.8238
-0.201206,-0.205885,0.142255,0.386305,-0.0112453,-54.9147
-1.73247,-1.73247,0.221004,0.579067,-0.00936211,-56.6553
-1.72896,-1.72896,-1.19344,0.355693,-0.00935983,-56.5431
-1.27625,-1.27625,0.215037,0.791958,-0.00920537,2.5829
-1.27157,-1.27157,-1.18851,0.570461,-0.00925559,2.246
-1.23648,-1.23648,0.208421,0.445934,-0.0110848,-51.6018
-2.43669,-2.43669,0.0965591,0.183284,-0.0106617,5.9519
-0.863312,-0.862143,0.202276,1.00464,-0.0086073,2.41445
1.1195,1.12418,0.0837484,0.399764,-0.0108124,5.3904
2.19454,2.19571,0.156727,0.261394,-0.0108725,3.0321
2.18051,2.16998,0.218776,0.357086,-0.0104259,-47.7275
2.17466,2.1653,-1.19099,0.133283,-0.0104182,-48.4575
-1.87402,-1.87402,0.186868,0.284194,-0.0112963,-53.3425
2.05885,2.06002,0.199103,0.410506,-0.0098217,1.9091
2.04949,2.05183,-1.17133,0.187726,-0.00981104,3.20055
-1.89976,-1.89976,0.235326,0.448208,-0.0102524,4.492
-1.9056,-1.9056,0.0113132,0.21022,-0.0102782,4.8289
-1.42014,-1.42014,0.195784,0.357191,-0.0112902,4.88505
1.57806,1.57923,0.0398472,0.29811,-0.0104981,2.4706
2.08341,2.08341,0.143775,0.274123,-0.0106397,0.05615
0.780257,0.776747,0.0319079,0.595014,-0.00967941,-55.42
-2.33609,-2.33609,0.128125,0.183042,-0.0112712,2.52675
-0.129848,-0.123999,0.0404224,0.603528,-0.00975398,4.1551
1.77576,1.77459,0.130763,0.357666,-0.0103315,-55.3639
-0.897237,-0.904255,0.120623,0.816661,-0.00916504,-52.3318
-1.73949,-1.73949,0.148496,0.277446,-0.011202,-56.0377
-1.86466,-1.86466,0.171756,0.364272,-0.0104297,-56.3184
1.46693,1.4681,0.120948,0.544296,-0.00965658,3.0321
-0.201206,-0.201206,0.1599,0.616649,-0.0101846,0.2246
0.556825,0.554485,0.127522,0.398175,-0.0110635,-55.8131
0.237469,0.237469,0.123856,0.766693,-0.00937961,-56.9922
0.2363,0.2363,-1.09664,0.542662,-0.00939864,-57.1607
1.17214,1.17214,0.214329,0.6936,-0.00993507,-57.3853
1.16395,1.16395,-1.18676,0.472578,-0.00993127,0.39305
-1.82372,-1.82372,0.0302506,0.330547,-0.00963223,3.5936
0.0666786,0.070188,0.203893,0.820172,-0.00944505,3.0321
0.064339,0.0690182,-1.17649,0.595959,-0.0094519,3.0321
1.25052,1.25052,0.178034,0.367185,-0.0113511,1.0107
-2.08926,-2.08926,0.201254,0.321594,-0.0108679,9.9947
1.28678,1.28912,0.141296,0.436858,-0.0107538,3.08825
-1.22478,-1.22478,0.106777,0.373992,-0.0109486,3.9305
-1.22478,-1.22478,0.152837,0.371412,-0.0111639,1.51605
-1.08791,-1.0844,0.154344,0.371823,-0.011323,4.7166
1.37218,1.36984,0.192958,0.467711,-0.0106716,-54.6339
0.142716,0.142716,0.0480193,0.50476,-0.0101481,0.3369
-1.50904,-1.50904,0.177002,0.433959,-0.0105362,-51.9949
-0.851614,-0.857463,0.161982,0.406032,-0.0111464,-52.781
-0.0959236,-0.0970934,0.0709835,0.474559,-0.0105096,-56.4869
1.23648,1.23414,0.0262011,0.337811,-0.0106906,-54.6901
1.22244,1.2201,0.0234435,0.362957,-0.0105643,-55.4762
-1.88572,-1.88572,0.105434,0.342833,-0.00993203,-45.0323
0.990821,0.99199,0.228304,0.525573,-0.0109882,1.3476
0.989651,0.990821,0.00377562,0.301041,-0.0109836,1.51605
-1.92081,-1.92081,0.111511,0.203838,-0.0113108,-55.1393
-1.34878,-1.34878,0.120674,0.463698,-0.0103772,-53.1741
1.32889,1.33123,0.0980885,0.622174,-0.00936211,3.98665
1.33123,1.33357,0.0975726,0.620895,-0.00934385,3.8182
-2.43201,-2.43201,0.0536302,0.170944,-0.0102235,0.05615
1.48448,1.48448,0.0415729,0.24899,-0.0109851,0.2246
2.44605,2.44605,0.187083,0.272137,-0.0107135,-56.7676
1.30082,1.29965,0.143163,0.459133,-0.0106321,-56.3184
2.22379,2.21092,0.0270548,0.13983,-0.0107203,-46.3799
-2.04247,-2.04247,0.0597479,0.161407,-0.0111114,-51.0403
0.322865,0.327544,0.120413,0.550551,-0.0103893,3.2567
-0.997839,-0.9955,0.0870766,0.543822,-0.010206,2.6952
-1.20489,-1.20489,0.204888,0.499267,-0.010852,-55.1955
0.866822,0.863312,0.193168,0.543575,-0.010753,-55.3077
-1.06218,-1.06686,0.0855061,0.542251,-0.0102181,-52.9494
1.06101,1.06101,0.193173,0.463821,-0.0110764,0.8984
1.05867,1.05867,0.19304,0.463698,-0.0110726,1.0107
-1.10429,-1.10429,0.115168,0.490278,-0.0106123,-56.7115
1.90677,1.90911,0.055986,0.252533,-0.0103498,2.86365
-1.00603,-1.00603,0.185512,0.695449,-0.00992214,0.28075
0.690182,0.685503,0.1432,0.413848,-0.0111198,-54.8024
0.146225,0.133357,0.205449,0.502714,-0.0109775,-50.4227
0.161432,0.147395,-1.17805,0.278515,-0.0109821,-49.5804
2.39341,2.3782,0.208558,0.260221,-0.0112636,-43.7409
1.31486,1.31486,0.0360761,0.21379,-0.0113427,1.4599
1.56051,1.56285,0.121692,0.313139,-0.010925,3.31285
0.81652,0.81886,0.153508,0.610258,-0.0101641,2.63905
-1.34176,-1.34176,0.00608117,0.593457,-0.00894134,2.1337
-1.30901,-1.30901,0.0381762,0.460247,-0.00996246,-52.7248
1.61198,1.61432,0.105416,0.337856,-0.0105963,3.08825
-0.894897,-0.900746,0.217644,0.966823,-0.00889264,-53.1741
-0.892557,-0.898406,-1.19002,0.7424,-0.00889492,-53.0617
-1.74066,-1.74066,0.227459,0.522245,-0.00989855,-56.9922
-1.7313,-1.7313,0.0024699,0.299849,-0.00988257,-55.9815
-1.83425,-1.83425,0.137374,0.322754,-0.0105278,0.4492
-1.81319,-1.81319,0.220228,0.384415,-0.0108017,13.0268
-1.81202,-1.81202,-1.19261,0.160092,-0.010801,12.8583
-1.39908,-1.39908,0.0993668,0.575606,-0.00951658,5.1658
0.710069,0.70071,0.144332,0.441588,-0.0108946,-51.0965
0.678484,0.673805,0.239558,0.589964,-0.0106693,-54.8586
0.673805,0.670295,0.0151207,0.365523,-0.0106663,-55.0831
2.18402,2.1887,0.0545707,0.12103,-0.0112514,4.1551
-1.66229,-1.66229,0.239037,0.458694,-0.0106244,-50.6473
-1.65878,-1.65878,0.0152942,0.219648,-0.0106503,-50.4227
-0.0889048,-0.087735,0.245671,0.48973,-0.0111411,1.3476
-0.0900746,-0.0889048,0.0212841,0.265334,-0.0111419,1.2353
-0.656258,-0.653918,0.0136689,0.470409,-0.0102417,1.62835
1.02357,1.03059,0.0576524,0.381465,-0.0107964,7.80485
-1.61549,-1.61549,0.0856111,0.266891,-0.0110003,-56.15
0.727616,0.721767,0.165849,0.436506,-0.0111145,-53.4548
-0.545127,-0.538108,0.00751471,0.517456,-0.00994268,5.44655
1.0692,1.06686,0.00190835,0.751097,-0.00886601,-56.0377
-2.01206,-2.01206,0.120719,0.343915,-0.00980039,1.5722
-1.79213,-1.79213,0.010117,0.173126,-0.0108276,-48.4575
2.13021,2.1267,0.0475901,0.203048,-0.0103345,-54.0163
0.807162,0.797804,0.121422,0.418683,-0.0109455,-50.3104
1.2938,1.2938,0.0866338,0.313596,-0.0110163,0.05615
1.28912,1.28912,0.0857983,0.336208,-0.0109836,0.4492
-1.18267,-1.18267,0.106945,0.33456,-0.0111883,3.87435
-2.31737,-2.31737,0.160051,0.241758,-0.0109882,-54.2409
1.743,1.743,0.223483,0.352005,-0.0111875,1.5722
0.901916,0.898406,0.190904,0.5679,-0.0106229,-54.7462
0.897237,0.893727,-1.16356,0.343746,-0.0106283,-55.1393
-0.689012,-0.691352,0.0907701,0.520903,-0.0103498,-55.7569
0.519391,0.519391,0.0822738,0.352918,-0.0111213,1.0107
0.997839,0.99433,0.179673,0.45033,-0.0111183,-54.8024
0.575542,0.576711,0.201797,0.419263,-0.011275,1.40375
0.453882,0.450373,0.144546,0.734205,-0.00953788,-55.3639
0.437505,0.435166,-1.11701,0.509868,-0.00954169,-56.0938
-1.63187,-1.63187,0.149094,0.343581,-0.010782,-53.904
1.26806,1.27274,0.141551,0.464324,-0.0105628,5.3904
0.264375,0.265545,0.0973763,0.607313,-0.00995942,1.9091
-1.90326,-1.90326,0.135137,0.437392,-0.00930657,1.96525
-0.801313,-0.813011,0.0577574,0.461347,-0.0104243,-48.5697
-0.414109,-0.416449,0.247858,0.465328,-0.0112682,-55.8693
-0.40826,-0.41177,0.0233933,0.240873,-0.0112666,-55.7008
0.218753,0.212904,0.164977,0.701462,-0.00979278,-54.2409
0.215243,0.210564,-1.13733,0.47702,-0.00979278,-54.4655
-1.72779,-1.72779,0.170236,0.301986,-0.0111845,4.2674
-0.0912444,-0.0842256,0.213288,0.616882,-0.0104624,4.66045
-0.0912444,-0.0842256,-1.1855,0.392285,-0.0104593,4.7166
-2.42967,-2.42967,0.171341,0.21957,-0.011361,3.2567
1.72195,1.71844,0.0895237,0.31439,-0.0104715,-53.9601
-1.49033,-1.49033,0.111707,0.300995,-0.0110201,7.7487
0.729955,0.729955,0.0650438,0.309094,-0.0112393,-57.4414
-1.78044,-1.78044,0.124532,0.497418,-0.00915287,4.66045
-0.504184,-0.497165,0.104247,0.348293,-0.0111776,5.10965
-0.238639,-0.244488,0.215922,0.646055,-0.010333,-54.1848
-0.2363,-0.242149,-1.18844,0.421764,-0.0103399,-54.1286
2.10096,2.10096,0.202632,0.416149,-0.0097555,0
2.09979,2.09979,-1.17551,0.181686,-0.00978365,0
1.07622,1.07622,0.0687281,0.445724,-0.0105719,-57.0484
-1.39089,-1.39089,0.18695,0.601547,-0.00985594,0.3369
-0.412939,-0.414109,0.194661,0.438721,-0.0111403,-56.0377
-0.87501,-0.87501,0.209805,0.533613,-0.0108436,0.39305
-0.870331,-0.870331,-1.18068,0.307692,-0.0107911,0.1123
1.50319,1.50904,0.046289,0.229824,-0.0110133,6.23265
0.93818,0.93467,0.116565,0.387222,-0.0110041,-55.027
-1.76406,-1.76406,0.114985,0.519848,-0.00881883,-54.9708
2.43786,2.43903,0.0202751,0.11346,-0.0105841,2.0214
-1.35229,-1.35229,0.0175769,0.572707,-0.00914906,-52.4441
1.12418,1.12418,0.200811,0.466095,-0.0111183,-55.9815
1.35463,1.35346,0.182554,0.397198,-0.0111198,-56.0938
2.17934,2.17934,0.165333,0.252546,-0.0110513,-56.9922
0.749842,0.748672,0.244982,0.462461,-0.0113169,-56.9361
0.745163,0.745163,0.0205901,0.238065,-0.0113184,-57.1607
0.508863,0.510033,0.0970019,0.420819,-0.0107675,1.2353
-1.66229,-1.66229,0.0613778,0.413433,-0.00958582,1.4599
-0.721767,-0.724106,0.0357702,0.27983,-0.0111951,-55.5885
0.550976,0.569693,0.22756,0.817227,-0.00962691,12.5776
0.541617,0.561504,0.00307254,0.59274,-0.00962386,12.9706
0.753351,0.756861,0.053717,0.643385,-0.00956984,2.41445
-1.02591,-1.02942,0.175016,0.525418,-0.01075,-54.9708
2.37118,2.35832,0.0507494,0.112182,-0.0111525,-45.7623
-2.01206,-2.01206,0.041404,0.147258,-0.0111152,-53.904
-2.4905,-2.4905,0.205842,0.257171,-0.0112225,2.0214
-2.05183,-2.05183,0.0748732,0.199537,-0.0107911,4.09895
-1.65059,-1.65059,0.0781055,0.369915,-0.010104,4.3797
1.72779,1.72429,0.144989,0.261244,-0.0113344,-54.1848
2.01557,2.01557,0.212941,0.342253,-0.0108778,-56.6553
2.01557,2.01557,0.212224,0.341522,-0.0108398,-56.7676
-2.4753,-2.4753,0.187105,0.269041,-0.0106731,0
-2.16179,-2.16179,0.126545,0.286422,-0.0102136,1.51605
2.05534,2.05651,0.190644,0.291426,-0.0110665,2.07755
1.619,1.61432,0.0295567,0.517378,-0.00879981,-53.2302
0.339242,0.341582,0.0981478,0.342207,-0.0112316,1.96525
2.33726,2.33726,0.0344965,0.106137,-0.0110483,-56.9922
-0.981462,-0.987311,0.112488,0.383145,-0.0111107,-52.5003
-1.6038,-1.6038,0.20591,0.372832,-0.011014,0.3369
0.650409,0.649239,0.089825,0.519958,-0.0103155,-56.3184
-0.138036,-0.128678,0.0669202,0.337569,-0.0110277,6.1765
1.00018,1.00252,0.238996,0.483046,-0.0111518,3.64975
0.99667,1.00018,0.0145866,0.258632,-0.0111457,3.87435
-0.838747,-0.828218,0.160882,0.404936,-0.0111791,8.6471
0.662107,0.656258,0.0370531,0.281112,-0.011132,-53.6794
-1.25052,-1.25052,0.2211,0.786589,-0.00940472,0.95455
-1.25052,-1.25052,-1.19427,0.539535,-0.00944125,1.0107
1.38972,1.39089,0.0274839,0.46179,-0.00966571,2.30215
0.958066,0.962745,0.212129,0.509398,-0.0109524,4.54815
0.164942,0.164942,0.129499,0.506481,-0.0105856,-57.2169
0.81769,0.811841,0.0241101,0.268169,-0.0111373,-53.1179
-0.93818,-0.941689,0.124874,0.422134,-0.0109501,-54.4093
-1.28795,-1.28795,0.0859124,0.314481,-0.0111008,1.17915
-1.21425,-1.21425,0.150564,0.465515,-0.0107538,-52.781
1.58508,1.57923,0.129106,0.300442,-0.0111076,-52.1634
2.46711,2.45541,-1.15969,0.167798,-0.00871915,-46.9414
0.209394,0.201206,0.123153,0.340618,-0.0112514,-52.5564
-0.596598,-0.579051,0.130622,0.82666,-0.00916961,11.7354
-1.38387,-1.38387,0.0800048,0.35211,-0.0106724,3.1444
1.44353,1.43768,0.166159,0.403836,-0.0107774,-51.5457
-1.88689,-1.88689,0.0531919,0.24295,-0.0104426,5.1658
2.26005,2.26356,0.130079,0.199386,-0.0112393,3.42515
0.900746,0.897237,0.209193,0.745678,-0.00987953,-54.4093
0.898406,0.894897,-1.18203,0.521725,-0.00989703,-54.5778
1.00603,1.00603,0.0716546,0.501783,-0.0102798,-56.9361
-2.18402,-2.18402,0.101485,0.363601,-0.00881579,-51.9387
0.656258,0.646899,0.0457457,0.343002,-0.0109562,-51.0965
0.269054,0.283092,0.0639801,0.706799,-0.00935527,9.04015
-1.10195,-1.10195,0.117346,0.492063,-0.0105803,-54.6339
-1.49033,-1.49033,0.170432,0.357999,-0.0110391,0.72995
1.55349,1.54998,0.0555979,0.196026,-0.0112537,-54.0163
1.4681,1.45991,0.0334099,0.18785,-0.0113146,-49.0751
0.46909,0.46675,0.207449,0.850277,-0.00937657,-55.5324
0.464411,0.460901,-1.1797,0.62573,-0.00937429,-55.7569
-1.2821,-1.2821,0.151983,0.675703,-0.00950897,-53.2302
-1.52074,-1.52074,0.0565521,0.420285,-0.0098392,-50.7034
2.21794,2.21794,0.211741,0.437803,-0.00923809,0.84225
2.22028,2.22028,-1.18557,0.204605,-0.00934842,0.8984
0.201206,0.201206,0.0685683,0.365829,-0.0108984,1.123
0.714748,0.724106,0.224085,0.866909,-0.00932407,7.01875
0.710069,0.720597,-1.19634,0.642362,-0.00932179,7.13105
-1.32538,-1.32538,0.0304058,0.274534,-0.0109897,6.4011
1.91379,1.91379,0.117346,0.313125,-0.0103505,0.2246
1.88689,1.88806,0.246785,0.342938,-0.0113359,2.52675
1.88455,1.88689,0.0222748,0.118574,-0.0113313,2.86365
-1.56519,-1.56519,0.165237,0.66339,-0.0088409,8.0856
-2.35013,-2.35013,0.162059,0.215772,-0.011256,1.3476
2.11734,2.11266,0.236823,0.352429,-0.0107934,-53.6794
2.115,2.11149,0.0123906,0.128234,-0.0107926,-54.0163
1.68919,1.68802,0.06293,0.500806,-0.00889264,-56.5431
-0.691352,-0.686673,0.106608,0.430416,-0.010804,3.31285
0.187168,0.195357,0.165525,0.409575,-0.0111807,5.44655
0.279582,0.279582,0.162416,0.459685,-0.0109874,0
-2.02258,-2.02258,0.211535,0.383771,-0.0103353,-48.5697
-2.0179,-2.0179,-1.18418,0.160293,-0.0103505,-47.6713
-1.30199,-1.30199,0.242772,0.489849,-0.010941,-55.9254
2.29398,2.2893,0.0109388,0.167049,-0.0100051,-53.8479
-2.45541,-2.45541,0.195022,0.280181,-0.0107371,9.9947
1.96994,1.96643,0.122687,0.320037,-0.0102486,-54.8024
2.03545,2.03077,0.196049,0.323073,-0.0108573,-53.3425
1.64123,1.64474,0.194104,0.320599,-0.0112545,4.0428
1.02825,1.02591,0.239535,0.563352,-0.010858,-55.9815
1.01305,1.01188,0.0149336,0.338742,-0.010852,-56.9361
-1.42365,-1.42365,0.192155,0.371809,-0.0111274,-55.6446
2.42266,2.43201,0.0248725,0.0725996,-0.0112743,8.70325
1.30316,1.30316,0.175413,0.647567,-0.00973115,-56.6553
1.29614,1.29614,0.175276,0.649945,-0.00972506,-57.1607
1.02007,1.02241,0.127463,0.637404,-0.00991377,2.18985
-0.791955,-0.791955,0.062195,0.306259,-0.0112453,0.84225
0.207055,0.193017,0.0761607,0.32022,-0.011167,-49.3558
-0.573202,-0.573202,0.18285,0.692792,-0.00996703,0.7861
-0.58256,-0.581391,-1.15539,0.468519,-0.00997312,1.2353
-0.873841,-0.872671,0.0936143,0.337674,-0.0111548,1.123
-0.970934,-0.961576,0.197017,0.414487,-0.0112902,8.81555
-0.591919,-0.596598,0.090172,0.440579,-0.0106899,-55.1393
-0.534599,-0.542787,0.169953,0.414012,-0.0111464,-52.3318
-1.26689,-1.26689,0.12139,0.330565,-0.0112179,-56.2062
-1.3558,-1.3558,0.0744167,0.376644,-0.0106351,7.01875
-0.201206,-0.212904,0.0441387,0.394545,-0.0106389,-50.6473
1.495,1.49266,0.239576,0.464415,-0.010836,-55.7569
1.59678,1.59444,0.122043,0.255993,-0.0112781,-54.4093
1.64591,1.64474,0.1475,0.340239,-0.0108786,-56.4307
-2.2507,-2.2507,0.143725,0.252378,-0.0107485,7.4118
-1.96877,-1.96877,0.190876,0.326625,-0.0108276,-55.3639
1.12886,1.12886,0.176454,0.544127,-0.010626,0.05615
1.03059,1.03527,0.0350078,0.385419,-0.0106404,4.9412
0.679654,0.670295,0.136712,0.380767,-0.0111556,-52.051
-1.93134,-1.93134,0.202354,0.494122,-0.0093157,-54.4093
-1.929,-1.929,-1.17447,0.269863,-0.00929896,-54.0724
-2.18402,-2.18402,0.0220328,0.167721,-0.010314,-57.3291
0.798973,0.798973,0.0570223,0.646695,-0.00960256,-57.3853
-0.863312,-0.857463,0.0466086,0.343869,-0.0109737,5.5027
-2.19454,-2.19454,0.162041,0.25682,-0.0109836,-53.1741
-1.44821,-1.44821,0.0397604,0.195492,-0.0112575,-56.3746
2.19922,2.19922,0.0706913,0.165447,-0.0109988,0.2246
-1.02942,-1.02825,0.0742112,0.398024,-0.0107941,1.5722
0.371996,0.387204,0.174231,0.391706,-0.0112575,9.4332
0.498335,0.501844,0.213439,0.457489,-0.0112415,2.52675
0.500674,0.503014,0.213421,0.457471,-0.0112415,2.5829
0.503014,0.506523,-1.1859,0.233152,-0.0112446,2.4706
2.03194,2.02609,0.137844,0.242566,-0.0110886,-51.8265
2.03545,2.02843,0.138328,0.242749,-0.0111107,-51.3772
1.54765,1.55115,0.0196223,0.392774,-0.00976996,4.54815
2.15594,2.15711,0.127056,0.25682,-0.0105796,2.41445
1.55583,1.557,0.183001,0.482845,-0.0101671,2.52675
2.22613,2.2273,0.121368,0.297836,-0.00988942,1.74065
-2.2893,-2.2893,0.196328,0.281811,-0.0109752,4.8289
1.59444,1.59444,0.0853052,0.288189,-0.0108268,0.28075
-1.01188,-1.01305,0.138958,0.595703,-0.0102638,-56.8238
0.70422,0.707729,0.225218,0.495862,-0.0110703,2.41445
0.707729,0.710069,0.000771559,0.27142,-0.0110703,2.30215
-0.836407,-0.845765,0.205997,0.609587,-0.0105073,-51.2088
-0.838747,-0.846935,-1.17866,0.385433,-0.0105134,-51.2649
-2.10096,-2.10096,0.0827349,0.157531,-0.0113298,2.86365
1.04697,1.03995,0.137607,0.514603,-0.0106252,-51.7703
0.212904,0.215243,0.0187959,0.395783,-0.0106161,2.3583
2.26707,2.26122,0.0874647,0.330944,-0.00888655,-51.9949
-2.40043,-2.40043,0.156805,0.198925,-0.0113762,1.3476
-2.40277,-2.40277,0.157535,0.199583,-0.0114196,1.6845
-0.921802,-0.928821,0.174569,0.498382,-0.0108755,-52.3879
-2.46477,-2.46477,0.124947,0.177947,-0.0112316,-56.5992
-1.16629,-1.16629,0.183832,0.415724,-0.0111457,6.738
-1.02124,-1.02124,0.0546529,0.298703,-0.0111944,0.7861
1.5301,1.52776,0.120071,0.282181,-0.0111951,-55.0831
0.538108,0.538108,0.185553,0.429608,-0.0111654,-57.4414
-1.16395,-1.16395,0.14608,0.630857,-0.00995257,3.2567
1.01539,1.01422,0.0487589,0.399166,-0.0106465,-56.7115
1.69738,1.69738,0.189178,0.575848,-0.00925939,-57.1045
1.69036,1.69036,-1.16256,0.339354,-0.00930809,0.3369
2.15594,2.15243,0.104804,0.184814,-0.0111951,-53.4548
2.16062,2.15594,0.104535,0.184142,-0.0111829,-52.5564
-1.42482,-1.42482,0.184818,0.607509,-0.00973572,1.51605
0.804822,0.804822,0.174651,0.657989,-0.0101375,0.72995
0.805992,0.805992,-1.1469,0.433438,-0.0101344,0.6738
-2.05651,-2.05651,0.226948,0.305875,-0.0112841,2.30215
-2.12787,-2.12787,0.0604282,0.215439,-0.0103467,-56.3746
-0.782596,-0.781426,0.164438,0.381908,-0.0113131,1.51605
-1.28327,-1.28327,0.102645,0.330501,-0.0110863,-53.2863
2.47062,2.46477,-1.17204,0.163146,-0.00894971,-52.2195
0.183659,0.182489,0.0817442,0.432155,-0.0106678,-56.2623
2.27292,2.27292,0.0227815,0.154613,-0.0103437,0.05615
-0.914784,-0.911274,0.0808722,0.298352,-0.0112735,2.75135
1.21893,1.22361,0.123504,0.628629,-0.00977528,5.7273
0.669126,0.677314,0.0764483,0.293928,-0.0112689,5.5027
0.931161,0.928821,0.0172117,0.367614,-0.0106891,-54.8586
0.023396,0.0304148,0.24043,0.537686,-0.0109684,4.8289
0.0257356,0.0327544,0.016116,0.313381,-0.0109699,4.77275
0.941689,0.941689,0.118231,0.495222,-0.0106199,0.72995
-1.72779,-1.72779,0.203294,0.318252,-0.0112583,-53.3986
-1.9407,-1.9407,0.101051,0.452056,-0.00878839,-53.6794
-1.86466,-1.86466,0.245557,0.344937,-0.011256,3.42515
-1.86349,-1.86349,0.0211654,0.120678,-0.011256,3.369
1.18267,1.18267,0.177591,0.50334,-0.0106884,0.2246
-2.45541,-2.45541,0.140218,0.201993,-0.0110977,5.1658
0.259696,0.257356,0.232043,0.476102,-0.0112453,-56.0938
0.258526,0.256186,0.00765624,0.251706,-0.0112446,-56.15
2.08107,2.0799,0.22462,0.377484,-0.0104357,-56.15
2.07055,2.07055,7.3047e-05,0.15428,-0.0104327,0.28075
2.14775,2.15126,0.0930026,0.244046,-0.010384,3.42515
-1.21308,-1.21308,0.207892,0.673507,-0.00991072,4.88505
-1.20489,-1.20489,-1.17842,0.474546,-0.00984224,4.32355
1.61315,1.60847,0.233321,0.416487,-0.0109532,-53.1741
-2.4285,-2.4285,0.178792,0.321959,-0.00981333,10.5562
-0.388374,-0.386034,-1.15714,0.656369,-0.00906384,1.7968
1.95357,1.94655,0.179157,0.269119,-0.0112621,-50.8719
-1.21776,-1.21776,0.210704,0.764784,-0.00943744,-52.781
-1.21074,-1.21074,-1.18347,0.54373,-0.00945418,-52.2195
1.76757,1.76757,0.0294745,0.257641,-0.0103741,0.61765
-1.77927,-1.77927,0.0823605,0.190534,-0.011294,-50.928
-1.10546,-1.10546,0.0397102,0.282546,-0.0111259,0.1123
0.46792,0.472599,0.195876,0.439926,-0.0112043,3.53745
-0.600107,-0.596598,0.199455,0.470108,-0.0110696,3.08825
1.88572,1.88455,0.0688103,0.178769,-0.0112332,-55.9254
-2.31737,-2.31737,0.134708,0.312545,-0.00958582,2.30215
1.10312,1.10663,0.0500509,0.502851,-0.0102082,4.32355
-1.97228,-1.97228,0.129882,0.300643,-0.0104114,-52.781
1.98398,1.98398,0.0763752,0.412917,-0.00872828,1.51605
1.78628,1.77693,0.235453,0.359601,-0.0111571,-48.7944
1.78044,1.77225,0.0113679,0.136214,-0.01117,-49.5243
-0.005849,0.0011698,0.177988,0.422038,-0.0111639,4.9412
1.09844,1.09259,0.233107,0.769592,-0.00981941,-51.9949
1.0961,1.08908,0.00862412,0.545118,-0.00981181,-52.051
-2.42032,-2.42032,0.0387195,0.102814,-0.0111175,-55.42
-1.00603,-1.01539,0.130951,0.348416,-0.0112872,-48.9628
1.34878,1.34527,0.0118245,0.531262,-0.00932559,-53.511
-2.2542,-2.2542,0.0800733,0.141615,-0.0112697,4.6043
1.50787,1.50787,0.0372951,0.296448,-0.0105514,-56.88
1.14757,1.15225,0.195574,0.428051,-0.0112362,4.3797
0.170791,0.163772,0.0881723,0.571515,-0.0101162,-52.6687
-1.50436,-1.50436,0.100558,0.285993,-0.0110977,3.2567
0.791955,0.784936,0.209275,0.639417,-0.0103049,-53.0617
0.781426,0.775577,-1.18163,0.414962,-0.0103033,-53.511
-1.53244,-1.53244,0.193776,0.407269,-0.0107964,-48.5697
2.07873,2.07406,0.200012,0.353803,-0.0104251,-53.1179
2.07406,2.07055,0.199697,0.354201,-0.0104137,-53.9601
-1.95123,-1.95123,0.0571365,0.306104,-0.00977604,-54.1286
-1.94538,-1.94538,0.0570817,0.307186,-0.00977757,-52.9494
1.53478,1.53244,0.14855,0.365066,-0.0108565,-54.1848
-1.15342,-1.15342,0.0826436,0.465634,-0.0104852,-52.3318
1.88689,1.89274,0.167625,0.393842,-0.0101131,5.8396
-0.327544,-0.329884,0.0354689,0.439054,-0.0104989,-56.2623
-0.263205,-0.278412,0.183216,0.480481,-0.0109942,-48.6259
0.414109,0.414109,0.134512,0.458325,-0.0108466,0.72995
-0.787275,-0.780257,0.144829,0.654766,-0.00998073,5.9519
1.5921,1.59327,0.0291275,0.23181,-0.0108702,2.4706
0.419958,0.428147,0.229833,0.580245,-0.0107127,5.0535
0.421128,0.429317,0.0055744,0.355986,-0.0107173,4.99735
-1.41546,-1.41546,0.155595,0.376599,-0.0108946,-53.511
-0.931161,-0.93467,0.0326292,0.569119,-0.0098567,-54.6901
-2.14775,-2.14775,0.228267,0.359738,-0.0105697,-57.3291
-2.15477,-2.15477,0.00273926,0.143291,-0.0104959,0.5615
-1.50436,-1.50436,0.0842278,0.495999,-0.0095706,3.87435
-0.253847,-0.255016,0.187886,0.511699,-0.0107858,-56.9361
-2.13605,-2.13605,0.0164265,0.179655,-0.0102539,-52.7248
-1.34761,-1.34761,0.147788,0.490415,-0.0103003,-51.4334
-2.4905,-2.4905,0.207623,0.324703,-0.0100576,1.7968
-2.33141,-2.33141,0.112351,0.234554,-0.0102836,-51.2649
-0.953387,-0.948708,0.203244,0.527053,-0.0108071,4.32355
-0.970934,-0.965085,-1.1758,0.302807,-0.0108109,5.44655
0.511203,0.508863,0.0243475,0.268398,-0.0111837,-56.3184
-0.325204,-0.328714,0.208298,0.452362,-0.011151,-55.2516
-0.325204,-0.328714,-1.18068,0.227934,-0.011151,-55.3077
-0.490146,-0.493656,0.0589444,0.329588,-0.011065,-55.42
0.265545,0.266714,0.229888,0.527144,-0.0109379,1.5722
0.262035,0.264375,0.00576159,0.303022,-0.0109463,1.74065
2.01557,2.00855,0.187484,0.341198,-0.0105141,-50.9842
-1.30316,-1.30316,0.157604,0.337706,-0.0113496,0.16845
-2.43084,-2.43084,0.08972,0.183882,-0.0106024,-56.2623
-1.8904,-1.8904,0.0413629,0.318722,-0.0096368,-51.9387
-0.435166,-0.437505,0.13574,0.698836,-0.00971213,-55.9254
-0.394223,-0.394223,0.0367061,0.254181,-0.0112476,-57.4414
-1.10663,-1.10663,0.0614326,0.780791,-0.00899688,1.51605
-1.0189,-1.0189,0.12229,0.392943,-0.0110133,0.5615
1.85998,1.85647,0.212238,0.610198,-0.00863698,-53.511
1.929,1.929,0.053895,0.145551,-0.0112636,0.4492
-1.72429,-1.72429,0.0586887,0.371321,-0.00972582,-50.8719
-1.04112,-1.03644,0.183298,0.586883,-0.0103992,3.98665
-0.687842,-0.687842,0.222666,0.546474,-0.0107576,0.95455
-0.683163,-0.683163,-1.19489,0.348494,-0.0107538,0.72995
-2.28345,-2.28345,0.188324,0.328461,-0.0102273,4.3797
-1.62719,-1.62719,0.191196,0.354077,-0.0111008,0.3369
1.05048,1.05399,0.0379068,0.733945,-0.00907145,4.77275
-1.08206,-1.08674,0.0190196,0.342833,-0.0108093,-54.3532
-0.149734,-0.153244,0.176468,0.393947,-0.0112613,-55.3077
-1.77459,-1.77459,0.234979,0.388012,-0.0108854,-54.5217
-1.76991,-1.76991,0.0109434,0.164566,-0.0108953,-54.1286
1.93719,1.93719,0.169433,0.297927,-0.0109737,-57.0484
0.0725276,0.0889048,0.106078,0.908431,-0.00864154,9.7701
1.13705,1.13471,0.109676,0.372586,-0.0110642,-54.1848
-1.86232,-1.86232,0.104357,0.257673,-0.0108474,1.3476
0.46792,0.47026,0.141597,0.385647,-0.0111556,1.96525
0.628183,0.628183,0.0222748,0.77145,-0.00880513,0.4492
-1.09376,-1.09493,0.0272922,0.377699,-0.0107287,-55.5324
-0.535768,-0.536938,0.126175,0.423445,-0.0109996,-56.9361
1.12886,1.12184,0.112561,0.536024,-0.0103338,-50.0296
1.47863,1.48214,0.0510097,0.258755,-0.010893,3.4813
1.63187,1.63187,0.220465,0.515698,-0.0101078,1.17915
-0.519391,-0.515882,0.0700247,0.314084,-0.0112012,2.6952
2.2893,2.2893,0.194145,0.252254,-0.0112735,1.0107
-0.99667,-0.99433,0.117624,0.468031,-0.0106876,2.18985
-0.106452,-0.102942,0.1609,0.56448,-0.0104707,3.0321
-1.12184,-1.12184,0.0628342,0.435118,-0.0105331,5.22195
1.71025,1.70791,0.0422897,0.347686,-0.00988333,-54.2409
1.04112,1.04229,0.149797,0.473614,-0.0108733,1.6845
1.52074,1.51723,0.225633,0.482343,-0.0106176,-53.8479
-1.68334,-1.68334,0.0555158,0.31964,-0.0102204,-55.5885
-0.903086,-0.900746,0.0921671,0.495757,-0.0104692,2.1337
0.076037,0.076037,0.100252,0.477248,-0.0106077,0.1123
1.63304,1.63304,0.156412,0.301634,-0.0111381,-56.9361
-2.14073,-2.14073,0.0967736,0.280071,-0.00990844,-54.8586
1.08791,1.0961,0.089825,0.54657,-0.0102273,9.04015
-1.18618,-1.18618,0.0919297,0.440839,-0.0106108,-55.5885
-1.43184,-1.43184,0.0330629,0.292435,-0.0107485,1.6845
-2.09043,-2.09043,0.0612226,0.258313,-0.00995333,11.7354
2.07172,2.07639,0.0674042,0.187772,-0.0108626,4.3797
-1.20255,-1.20255,0.0851318,0.500916,-0.0102645,-53.4548
1.78394,1.78278,0.0916786,0.302059,-0.0104654,-56.15
0.314676,0.312337,0.0579537,0.807142,-0.00888579,-55.3639
1.89157,1.89274,0.173094,0.451061,-0.00955766,2.97595
-2.05183,-2.05183,0.207709,0.468624,-0.00934309,7.2995
-2.04364,-2.04364,-1.17936,0.245297,-0.00930048,6.45725
-0.383694,-0.390713,0.136434,0.407087,-0.0111069,-52.8933
-1.59795,-1.59795,0.0719057,0.203609,-0.0113131,-49.0751
1.09142,1.08557,0.0385551,0.4953,-0.0102044,-52.5564
-0.552146,-0.562674,0.163539,0.381009,-0.0113108,-50.7596
0.545127,0.550976,0.199291,0.629424,-0.0102737,4.6043
0.543957,0.549806,-1.17186,0.405196,-0.0102798,4.66045
0.696031,0.689012,0.19336,0.543776,-0.0106587,-52.8933
0.692522,0.685503,-1.16579,0.319394,-0.010661,-53.1179
1.81787,1.8167,0.144843,0.502317,-0.00912167,-56.0377
-1.93485,-1.93485,0.00488502,0.134215,-0.0109836,2.6952
-1.93836,-1.93836,0.229199,0.358031,-0.010979,3.20055
2.11266,2.12085,0.216813,0.289211,-0.0113534,7.9733
-1.02942,-1.02825,0.145989,0.390044,-0.0112309,2.6952
2.21326,2.21326,0.231751,0.296261,-0.0112872,-56.3746
2.22496,2.22262,0.231911,0.295589,-0.0113024,-54.8024
1.20957,1.21074,0.202724,0.399093,-0.0112857,1.74065
-0.963915,-0.951047,0.103047,0.320526,-0.0113153,11.4546
-0.087735,-0.0900746,0.192109,0.648863,-0.0102212,-55.8131
-0.099433,-0.100603,-1.16454,0.424481,-0.0102227,-56.2062
-2.39107,-2.39107,0.175911,0.290449,-0.0103749,-54.6339
1.58742,1.58742,0.111497,0.298534,-0.0109334,0
-0.34977,-0.338072,0.203103,0.606688,-0.0104038,7.1872
0.556825,0.549806,0.0610354,0.836804,-0.00868263,-53.2863
-1.1312,-1.1312,0.0968512,0.307464,-0.0112773,-54.8024
0.11815,0.11932,0.0722937,0.316344,-0.0112119,1.85295
-0.623503,-0.628183,0.0532376,0.350493,-0.0109608,-54.5217
-1.29497,-1.29497,0.0592822,0.472363,-0.0100956,11.623
1.41429,1.40844,0.107607,0.556714,-0.00963375,-52.1634
0.443354,0.444524,0.0706411,0.633742,-0.0097418,1.74065
1.27157,1.27274,0.101216,0.355269,-0.0109204,2.75135
0.081886,0.076037,0.10143,0.425243,-0.0108771,-54.4093
2.30217,2.30217,0.143533,0.262143,-0.010451,1.2353
1.64708,1.64474,0.0933769,0.253263,-0.0110551,-54.8586
0.311167,0.306488,0.112346,0.436155,-0.0108314,-54.3532
0.738144,0.729955,0.0824427,0.379699,-0.0109075,-52.051
-0.487807,-0.487807,0.148642,0.419295,-0.0110072,0.61765
-0.052641,-0.0596598,0.0381534,0.494903,-0.010193,-53.2302
-2.35247,-2.35247,0.0239914,0.218885,-0.00924113,-54.5778
-2.33726,-2.33726,0.201646,0.264782,-0.0112012,0.3369
-1.18735,-1.18735,0.0112219,0.556701,-0.00963147,-54.6339
-0.736974,-0.749842,0.116373,0.49336,-0.0106092,-48.5697
0.547466,0.536938,0.136854,0.673338,-0.00986659,-50.8158
-1.71961,-1.71961,0.0521328,0.229843,-0.0108474,-54.8586
-0.238639,-0.247998,0.0835841,0.620069,-0.00980648,-52.5564
0.669126,0.665616,0.101686,0.372344,-0.0110049,-55.3077
1.53946,1.53946,0.0876701,0.447628,-0.00986735,-57.3291
1.07505,1.07622,0.142346,0.386396,-0.0111297,1.62835
1.46225,1.47278,0.0496081,0.201016,-0.0112697,10.8369
0.0187168,0.0198866,0.141099,0.385159,-0.0112393,1.40375
-2.22262,-2.22262,0.0352361,0.118469,-0.0110856,4.7166
1.00135,1.00018,0.143533,0.573666,-0.0103513,-56.88
-1.30784,-1.30784,0.0805526,0.3708,-0.0107477,-55.8131
-2.00387,-2.00387,0.080192,0.258774,-0.0103422,3.08825
-1.44353,-1.44353,0.112027,0.367185,-0.0106412,-55.8131
-2.10564,-2.10564,0.203714,0.299908,-0.0110764,6.68185
1.25637,1.24584,0.0697508,0.520597,-0.0100195,-47.2221
-0.331053,-0.329884,0.140205,0.490616,-0.0107371,1.3476
-0.229281,-0.246828,0.223825,0.494474,-0.0110901,-47.7275
-0.23162,-0.247998,-1.19623,0.270078,-0.0110924,-47.8959
-2.10447,-2.10447,0.0344599,0.161388,-0.0107416,-55.027
0.189508,0.171961,0.106206,0.6427,-0.00983083,-47.6152
2.4905,2.4905,0.170857,0.287869,-0.0101382,-56.2062
-1.71961,-1.71961,0.174377,0.322174,-0.0110947,1.29145
-1.7161,-1.7161,0.174172,0.32237,-0.0110894,1.0107
1.34761,1.34293,0.0146231,0.405028,-0.0100386,-53.3986
1.33123,1.33708,0.191246,0.516936,-0.0104015,6.45725
2.44137,2.44254,0.0808357,0.265394,-0.00908439,2.1337
-0.35328,-0.361468,0.207714,0.425184,-0.0112476,-52.5564
-0.354449,-0.362638,-1.18007,0.200742,-0.0112469,-52.6687
1.65878,1.65878,0.0999968,0.240795,-0.0111502,1.51605
-1.60731,-1.60731,0.187206,0.402188,-0.010715,-48.8505
2.48349,2.4753,0.0518223,0.10411,-0.0111426,-50.7596
0.52641,0.52641,0.0630031,0.333647,-0.0111129,0.3369
0.736974,0.733465,0.116122,0.439939,-0.0108474,-55.8131
-1.25286,-1.25286,0.212147,0.494017,-0.0108527,-55.1955
-1.34059,-1.34059,0.151983,0.587905,-0.00984909,3.20055
-2.41447,-2.41447,0.157827,0.253934,-0.0106336,-57.1607
-0.11815,-0.112301,0.0370029,0.254482,-0.0112841,4.0428
-0.138036,-0.129848,0.213402,0.616987,-0.0104631,5.10965
-0.113471,-0.107622,-1.18564,0.392422,-0.0104601,4.0428
-2.16998,-2.16998,0.183143,0.290997,-0.0107956,-55.5324
1.01539,1.01656,0.183197,0.66655,-0.0100827,2.07755
0.052641,0.046792,0.0976548,0.421459,-0.0107584,-54.297
1.40376,1.4061,0.171866,0.33435,-0.0113549,2.63905
0.660937,0.656258,0.116341,0.466748,-0.0107218,-54.8586
-2.10213,-2.10213,0.0874601,0.161712,-0.011342,-57.3853
1.80734,1.81319,0.228765,0.361679,-0.0110658,6.4011
1.805,1.81085,0.00426869,0.137525,-0.0110589,6.79415
-1.49968,-1.49968,0.16725,0.655899,-0.00905928,2.3583
-2.05768,-2.05768,0.127668,0.348663,-0.00967789,-48.8505
1.61666,1.61549,0.142921,0.273922,-0.0112826,-55.42
-1.11014,-1.11014,0.0258267,0.240384,-0.011275,-54.297
-1.90092,-1.90092,0.0130982,0.237668,-0.0100363,0.4492
1.09376,1.09376,0.0363272,0.253797,-0.0112918,1.4599
-0.547466,-0.547466,0.217685,0.594681,-0.0105263,0.39305
-0.550976,-0.550976,-1.1902,0.37039,-0.0105301,0.50535
1.54882,1.54998,0.0747499,0.322539,-0.0105697,2.75135
1.46225,1.46225,0.167077,0.573314,-0.00967941,1.62835
-1.97813,-1.97813,0.0873825,0.245178,-0.0106214,-53.1741
2.42032,2.42149,0.219137,0.314376,-0.0105986,1.7968
0.76271,0.755691,0.0281368,0.245602,-0.0112948,-53.0617
-2.36651,-2.36651,0.138757,0.265362,-0.0102653,0.16845
2.1887,2.19104,0.0315928,0.205244,-0.0100157,3.20055
-1.62368,-1.62368,0.104238,0.250976,-0.011167,1.3476
