BX= 000 event= 1 seed= CT_L1L2 phisector= 13
00 000000010101001|0000101011011101110|11111010101011|11111100000|000000000|001000000|000000000|001000000|000000000|001000000
BX= 000 event= 1 seed= CT_L1L2 phisector= 26
00 111111101011011|0001011011100100101|00000101011000|11111011110|010000001|010000000|010000000|010000000|010000000|011000000
BX= 001 event= 2 seed= CT_D1D2 phisector= 13
00 111011011010010|0000111011000101100|11100000111001|11111000110|001000000|010000000|111111111|111111111|111111111|111111111
BX= 001 event= 2 seed= CT_D1D2 phisector= 26
00 000100100001010|0001101000100011110|00011111000011|11111011111|010000000|010000000|111111111|001000000|001000000|001000000
BX= 010 event= 3 seed= CT_D1D2 phisector= 12
00 000000011010110|0001100010011110011|11101011000000|11111111010|010000000|010000000|111111111|111111111|111111111|111111111
BX= 010 event= 3 seed= CT_D1D2 phisector= 26
00 111111100101010|0000110010101011000|00010100110110|11111101110|001000000|001000000|111111111|001000000|001000000|001000000
BX= 100 event= 5 seed= CT_L1L2 phisector= 10
00 111110101111100|0001100100110000111|11110000011011|00000111101|010000000|011000000|010000000|000000000|000000000|000000000
BX= 100 event= 5 seed= CT_L1L2 phisector= 24
00 000001010001101|0000110100001010111|00001111100101|00000111110|000000000|001000000|000000000|000000000|000000000|000000000
BX= 101 event= 6 seed= CT_L1L2 phisector= 7
00 000000010101010|0001000000111111001|11111111100000|00000100001|001000000|010000000|001000000|001000001|001000000|001000000
BX= 101 event= 6 seed= CT_L1L2 phisector= 21
00 111111101011011|0000010001000000110|00000000011110|00000011101|000000000|000000000|000000000|000000000|000000000|000000000
BX= 110 event= 7 seed= CT_L1L2 phisector= 5
00 000000001110101|0000100010101011110|00001101110110|11111001011|000000000|001000000|000000000|111111111|000000000|000000000
BX= 110 event= 7 seed= CT_L1L2 phisector= 18
00 111111110011100|0001010010110000001|11110010000101|11111001110|010000000|010000000|010000000|010000000|010000000|010000000
BX= 111 event= 8 seed= CT_L3L4 phisector= 4
00 000000001000100|0000100111100011001|11110110111011|00000011001|000000000|001000000|000000000|001000000|000000000|111111111
BX= 111 event= 8 seed= CT_L1L2 phisector= 17
00 111111110111011|0001010111100110011|00001001000001|00000010011|010000000|010000000|010000000|010000000|010000000|111111111
BX= 000 event= 9 seed= CT_D1D2 phisector= 5
00 111111100100111|0001100101100111101|00011101011000|00001000110|010000000|010000000|111111111|010000000|010000000|010000000
BX= 000 event= 9 seed= CT_D3D4 phisector= 19
00 000000011100001|0000110101101001101|11100010101010|00001000101|001000001|001000001|111111111|111111111|111111111|111111111
BX= 001 event= 10 seed= CT_D1D2 phisector= 13
00 111101001001111|0000110011000001011|11100001110100|11111100011|001000000|001000000|111111111|111111111|111111111|111111111
BX= 001 event= 10 seed= CT_D1D2 phisector= 26
00 000010110111001|0001100001010101100|00011110000011|11111110000|010000000|010000000|111111111|001000000|001000000|001000000
BX= 010 event= 11 seed= CT_L1L2 phisector= 13
00 111110011110101|0000101101001110110|00010010110010|11110100001|001000000|001000000|001000000|001000000|001000000|001000000
BX= 010 event= 11 seed= CT_D1D2 phisector= 26
00 000001011111011|0001011101000110000|11101101010010|11110101100|010000000|010000000|111111111|111111111|111111111|111111111
BX= 011 event= 12 seed= CT_D1D2 phisector= 10
00 000000010101001|0000100011110001010|11101000011100|00000010011|000000000|000000000|111111111|111111111|111111111|111111111
BX= 011 event= 12 seed= CT_D1D2 phisector= 23
00 111111101011011|0001010011111111100|00010111011010|00000101101|010000000|010000000|111111111|010000000|010000000|010000000
BX= 100 event= 13 seed= CT_D1D2 phisector= 1
00 111110101111001|0000001011101011010|11010110000101|00001011010|000000000|000000000|111111111|111111111|111111111|111111111
BX= 100 event= 13 seed= CT_D1D2 phisector= 14
00 000001010110010|0000111010111110101|00101001111100|00001001101|001000000|001000000|111111111|001000000|001000000|001000000
BX= 100 event= 13 seed= CT_D1L1 phisector= 27
00 111111000101100|0001101100100101111|11010111000011|00000100101|111000000|010000000|000000000|000000000|111111111|111111111
BX= 101 event= 14 seed= CT_D1L2 phisector= 6
00 000000001111110|0001110001000011100|11101101111001|00010001110|010000001|011000000|111111111|111111111|111111111|111111111
BX= 101 event= 14 seed= CT_L1L2 phisector= 7
00 000000010000000|0000010001000111110|11101101000111|00011011011|000000000|111000000|010000000|010000000|010000000|010000000
01 000000010000010|0000010001001001000|11101101000100|00011011110|000000010|111000000|010000000|010000000|010000001|010000001
BX= 101 event= 14 seed= CT_L1L2 phisector= 20
00 111111101111111|0001000001001010100|00010010111111|00011011101|001000000|010000000|001000000|001000001|001000000|001000000
BX= 110 event= 15 seed= CT_D1L1 phisector= 10
00 111111100100111|0000010110001010000|00011001011100|00001010110|000000000|000000000|111111111|000000000|000000000|000000000
BX= 110 event= 15 seed= CT_L1L2 phisector= 23
00 000000011010001|0001000110010000100|11100110010110|00001001111|001000000|010000000|001000000|001000001|001000000|001000000
BX= 000 event= 17 seed= CT_L1L2 phisector= 8
00 111111110100100|0001000110100101001|00001000100000|00000000100|001000000|010000000|001000000|010000000|001000000|111111111
BX= 000 event= 17 seed= CT_L1L2 phisector= 22
00 000000001101100|0000010110111100000|11110111011111|00000000111|000000000|000000000|000000000|000000000|111111111|111111111
BX= 001 event= 18 seed= CT_L1L2 phisector= 6
00 111100000000000|0001011011101110111|00010010110100|11110111000|010000001|011000000|000000000|000000000|000000000|000000000
BX= 001 event= 18 seed= CT_D1L2 phisector= 6
00 111100000001111|0001011011110010111|00010010111101|11110101001|111000001|011000000|111111111|111111111|111111111|111111111
BX= 001 event= 18 seed= CT_D1D2 phisector= 19
00 000100000000100|0010001010011101110|11101101000100|11111000101|010000000|010000000|111111111|111111111|111111111|111111111
BX= 001 event= 18 seed= CT_D1L2 phisector= 20
00 000100000001010|0000101010101111000|11101100111010|11111001111|111000000|000000000|111111111|111111111|111111111|111111111
BX= 010 event= 19 seed= CT_L1L2 phisector= 10
00 000000001110011|0000011100111111010|11111110110000|00000100110|000000000|000000000|000000000|000000000|000000000|000000000
BX= 010 event= 19 seed= CT_L1L2 phisector= 23
00 111111110001101|0001001100111111010|00000001001111|00000100101|001000000|010000000|001000000|010000000|001000000|010000000
BX= 011 event= 20 seed= CT_L3L4 phisector= 12
00 111111100100011|0000010101011111110|00000011001011|00000001101|000000000|000000000|000000000|000000000|000000000|000000000
BX= 011 event= 20 seed= CT_L1L2 phisector= 25
00 000000011100010|0001000101011011100|11111100101111|00000010000|001000000|010000000|001000000|010000000|001000000|001000000
BX= 100 event= 21 seed= CT_L3L4 phisector= 6
00 000000001001111|0000101101111100101|11111110100110|11111101011|000000000|001000000|000000000|001000000|000000000|001000000
BX= 100 event= 21 seed= CT_L1L2 phisector= 19
00 111111110110110|0001011110000001101|00000001010110|11111101101|010000000|010000000|010000000|010000000|010000000|111111111
BX= 101 event= 22 seed= CT_L1L2 phisector= 12
00 111111101100011|0001001000000001010|00000001101010|00000011100|001000000|010000000|001000000|010000000|001000000|010000000
BX= 101 event= 22 seed= CT_L1L2 phisector= 26
00 000000010100000|0000011000000010100|11111110010001|00000011101|000000000|000000000|111111111|000000000|000000000|000000000
BX= 110 event= 23 seed= CT_L1L2 phisector= 13
00 000000010011011|0001011011010000011|11111001110011|00000011000|010000000|010000000|010000000|010000000|010000000|010000000
BX= 110 event= 23 seed= CT_L1L2 phisector= 27
00 111111101101001|0000101011010011110|00000110001100|00000011011|000000000|001000000|000000000|001000000|000000000|001000000
BX= 111 event= 24 seed= CT_L1L2 phisector= 3
00 111111100101111|0000101110110000110|11110110110010|11110001111|001000000|001000000|001000000|111111111|001000000|111111111
BX= 111 event= 24 seed= CT_L1L2 phisector= 16
00 000000011010100|0001011110110101111|00001001001101|11110010000|010000000|010000000|010000000|010000000|010000000|111111111
BX= 000 event= 25 seed= CT_L1L2 phisector= 18
00 111111101110011|0001101011110111000|11110001000011|00000111000|010000000|011000000|010000000|111111111|010000000|010000000
BX= 001 event= 26 seed= CT_L1L2 phisector= 7
00 111111111000011|0000110001111111100|00000110010101|00001010111|001000000|001000000|001000001|001000000|001000000|001000000
BX= 001 event= 26 seed= CT_L1L2 phisector= 20
00 000000000111111|0001100001111111110|11111001101100|00001011001|010000000|011000001|010000000|011000000|010000000|010000000
BX= 010 event= 27 seed= CT_L3L4 phisector= 6
00 000000001000100|0001010000010000011|00000111011001|11101110001|001000000|010000000|001000000|010000000|001000000|010000000
BX= 010 event= 27 seed= CT_L1L2 phisector= 20
00 111111111000001|0000100000011000000|11111000100100|11101110000|000000000|001000000|000000000|111111111|000000000|001000000
BX= 100 event= 29 seed= CT_L1L2 phisector= 11
00 000000001000001|0000011000101101011|11111101001011|11110111011|000000000|000000000|000000000|000000000|000000000|000000000
BX= 100 event= 29 seed= CT_L1L2 phisector= 24
00 111111110111111|0001001000101101111|00000010110101|11110111001|001000000|010000000|111111111|010000000|001000000|010000000
BX= 101 event= 30 seed= CT_L1L2 phisector= 7
00 000000001011011|0001010011010011011|00001001110000|11111111011|010000001|010000000|010000000|010000000|010000000|010000000
BX= 101 event= 30 seed= CT_L3L4 phisector= 21
00 111111110101011|0000100011001100110|11110110001101|11111111010|000000000|001000000|000000000|001000000|000000000|111111111
BX= 110 event= 31 seed= CT_L1L2 phisector= 11
00 111111111000010|0000011000001101111|11111011101110|00001010110|000000000|000000000|000000000|000000000|000000000|000000000
BX= 110 event= 31 seed= CT_L1L2 phisector= 24
00 000000001000000|0001001000010000010|00000100010001|00001011000|001000000|010000001|001000000|010000000|001000000|010000000
BX= 111 event= 32 seed= CT_L1L2 phisector= 12
00 000000011101100|0001001011011110001|00010110000011|11111010010|001000000|010000000|001000000|001000000|001000001|001000000
BX= 111 event= 32 seed= CT_D1D2 phisector= 12
00 000000011101111|0001001011100100010|00010110000001|11111001101|001000001|001000000|111111111|001000000|001000000|001000000
BX= 111 event= 32 seed= CT_D1D2 phisector= 26
00 111111100010011|0000011011011100101|11101001110111|11111100010|000000000|000000000|111111111|111111111|111111111|111111111
BX= 000 event= 33 seed= CT_L1L2 phisector= 2
00 111111011011000|0001011111010010001|11110111001001|00000000001|010000000|011000000|010000001|011000000|010000000|111111111
BX= 000 event= 33 seed= CT_L3L4 phisector= 16
00 000000100101110|0000101111010110011|00001000110100|00000001010|000000000|001000000|000000000|001000000|000000000|111111111
BX= 001 event= 34 seed= CT_D1D2 phisector= 7
00 111111010111011|0000010011011000100|11011001001000|00000010110|000000000|000000000|111111111|111111111|111111111|111111111
BX= 001 event= 34 seed= CT_D1D2 phisector= 20
00 000000101000111|0001000011000001100|00100110110000|00000001111|001000000|001000000|111111111|001000000|001000000|001000000
BX= 010 event= 35 seed= CT_L1L2 phisector= 9
00 111111110110001|0000110011110110000|00000000101101|00001111001|001000000|001000000|001000000|001000000|001000000|001000000
BX= 010 event= 35 seed= CT_L1L2 phisector= 22
00 000000001001110|0001100011110110010|11111111010000|00001111011|010000000|011000000|010000000|011000000|010000000|011000000
BX= 011 event= 36 seed= CT_L1L2 phisector= 1
00 000000101111111|0000111010110111010|11110101011000|00000100011|001000000|001000000|001000000|001000000|001000000|001000000
BX= 011 event= 36 seed= CT_L1L2 phisector= 14
00 111111001111110|0001101010110011111|00001010100111|00000100010|010000000|011000000|000000000|000000000|111111111|000000000
BX= 011 event= 36 seed= CT_L3L4 phisector= 15
00 111111001111110|0000001010110100101|00001010100111|00000100010|000000000|000000000|010000000|011000000|111111111|000000000
BX= 100 event= 37 seed= CT_L3L4 phisector= 1
00 000000010011110|0000101001001110001|00000010001011|11111011110|000000000|001000000|000000000|001000000|000000000|001000000
BX= 100 event= 37 seed= CT_L5L6 phisector= 14
00 111111101100011|0001011001001100111|11111101110100|11111100000|010000000|010000000|010000000|010000000|010000000|010000000
BX= 101 event= 38 seed= CT_D1D2 phisector= 12
00 111111001111101|0000001110001100011|11100000000101|11111000001|000000001|000000000|111111111|111111111|111111111|111111111
BX= 101 event= 38 seed= CT_D1D2 phisector= 25
00 000000110000000|0000111110001000010|00100000000111|11111000010|001000000|001000000|111111111|001000000|001000000|001000000
BX= 110 event= 39 seed= CT_L1L2 phisector= 3
00 000000001110111|0001100111111011110|11110101011010|00001110100|010000000|011000000|010000001|011000000|010000000|010000000
BX= 110 event= 39 seed= CT_L3L4 phisector= 17
00 111111110001111|0000111000000000000|00001010100100|00001110111|001000000|001000000|001000000|001000000|111111111|001000000
BX= 111 event= 40 seed= CT_L1L2 phisector= 13
00 111111011000001|0001001010010001010|00000001010111|00001000100|001000000|010000000|001000000|010000000|010000000|010000000
BX= 111 event= 40 seed= CT_L5L6 phisector= 27
00 000000100111111|0000011010001100100|11111110100100|00000111110|000000000|000000000|000000000|000000000|000000000|000000000
BX= 010 event= 43 seed= CT_D1D2 phisector= 6
00 000000110001101|0001001111011101110|11011000101010|00001100010|001000000|001000000|111111111|111111111|111111111|111111111
BX= 010 event= 43 seed= CT_D1D2 phisector= 20
00 111111001100000|0000011111110000100|00100111001011|00001011111|000000000|000000000|111111111|000000000|000000000|000000000
BX= 011 event= 44 seed= CT_L5L6 phisector= 11
00 000001001010101|0001010111100110011|00000111010100|00000000010|001000000|010000000|010000000|010000000|001000000|010000000
BX= 011 event= 44 seed= CT_L1L2 phisector= 25
00 111110110111010|0000100111101111010|11111000101001|00000000101|000000000|001000000|000000000|001000000|001000000|111111111
BX= 101 event= 46 seed= CT_D1D2 phisector= 5
00 000011000010000|0000110000100100110|11011110011100|11111001111|000000000|000000000|111111111|111111111|111111111|111111111
BX= 101 event= 46 seed= CT_D1D2 phisector= 18
00 111100111101001|0001100001011011000|00100001101000|11111011001|010000001|111000000|111111111|000000000|000000000|000000000
BX= 101 event= 46 seed= CT_D3D4 phisector= 19
00 111100111010001|0000000001100000010|00100001101011|11111010110|000000000|000000000|111111111|010000000|000000000|000000000
BX= 110 event= 47 seed= CT_L1L2 phisector= 13
00 111111011110111|0000100010111000000|11110011011000|11110010110|000000000|001000000|000000000|111111111|000000000|000000000
BX= 110 event= 47 seed= CT_L1L2 phisector= 26
00 000000100001010|0001010010101000001|00001100100101|11110011010|010000001|010000000|001000000|010000000|001000000|001000000
BX= 111 event= 48 seed= CT_D1D2 phisector= 9
00 111100110010101|0001100100100101110|11010111001100|11111001110|010000000|111000000|111111111|111111111|111111111|111111111
BX= 111 event= 48 seed= CT_D3D4 phisector= 10
00 111100110000011|0000000100011011001|11010111001000|11111001110|000000000|000000000|111111111|111111111|111111111|111111111
BX= 111 event= 48 seed= CT_D1D2 phisector= 23
00 000011001111001|0000110011101001001|00101000110011|11111001111|000000001|000000000|111111111|000000000|000000000|000000001
BX= 000 event= 49 seed= CT_L1L2 phisector= 10
00 111111111001001|0000100100000011001|11111110110001|00001011100|000000000|001000000|000000000|001000000|000000000|001000000
BX= 000 event= 49 seed= CT_L1L2 phisector= 23
00 000000000111011|0001010100000001100|00000001001111|00001011010|010000000|010000000|010000000|010000000|010000000|010000000
BX= 001 event= 50 seed= CT_D1L2 phisector= 4
00 111111100101000|0001100110000111110|11101110000000|11110111000|010000010|011000000|111111111|111111111|111111111|111111111
BX= 001 event= 50 seed= CT_D1L2 phisector= 18
00 000000011011000|0000110101110101011|00010010000011|11110101101|001000010|001000000|111111111|111111111|111111111|111111111
BX= 010 event= 51 seed= CT_D1D2 phisector= 12
00 000000011101110|0000011000011101011|11011000101110|11111111100|000000000|000000000|111111111|111111111|111111111|111111111
BX= 010 event= 51 seed= CT_D1D2 phisector= 25
00 111111011111101|0001001000100100101|00100111000000|11111110101|001000000|001000000|111111111|001000000|001000000|001000000
01 111111100000100|0001001000101110010|00100111101100|11111000100|001000000|001000001|111111111|001000001|001000000|001000001
BX= 011 event= 52 seed= CT_L1L2 phisector= 2
00 111111100110111|0000111001011001110|00001101101000|11110100100|001000000|001000000|001000000|111111111|001000000|001000000
BX= 011 event= 52 seed= CT_L1L2 phisector= 15
00 000000011000000|0001101001100100100|11110010010010|11110100011|010000001|011000000|010000000|010000000|010000000|010000000
BX= 100 event= 53 seed= CT_L1L2 phisector= 3
00 111111110110001|0001011010011011010|00001100100011|11110101001|010000000|010000001|010000000|111111111|010000000|010000000
BX= 100 event= 53 seed= CT_L1L2 phisector= 17
00 000000001011010|0000101010011100011|11110011011001|11110100100|000000000|001000000|000000000|001000000|000000000|000000000
BX= 101 event= 54 seed= CT_L1L2 phisector= 4
00 000000010001101|0001000001110001000|00001110111111|11111011000|001000000|010000000|111111111|001000000|001000000|001000000
BX= 101 event= 54 seed= CT_L1L2 phisector= 18
00 111111101101011|0000010001111101110|11110001000001|11111011011|000000000|000000000|000000000|000000000|000000000|000000000
BX= 110 event= 55 seed= CT_D3D4 phisector= 11
00 111111001101010|0000011000100010101|11011001111001|00000000110|000000001|000000000|111111111|111111111|111111111|111111111
BX= 110 event= 55 seed= CT_D1D2 phisector= 24
00 000000110000111|0001001000111100010|00100101111001|00000010000|001000000|001000000|111111111|001000000|001000000|001000000
BX= 011 event= 60 seed= CT_L1L2 phisector= 3
00 111111110010111|0000100101001011011|11110000101000|00010010110|000000001|001000000|000000000|000000000|000000000|000000000
BX= 011 event= 60 seed= CT_L1L2 phisector= 16
00 000000001101010|0001010101001111111|00001111011000|00010011010|010000000|010000000|010000000|010000000|010000000|010000000
BX= 100 event= 61 seed= CT_L3L4 phisector= 8
00 000000001001011|0000100100010011011|00001000001010|11111101110|000000000|001000000|000000001|001000000|000000000|001000000
BX= 100 event= 61 seed= CT_L3L4 phisector= 21
00 111111110111000|0001010100001101110|11110111110000|11111110011|010000000|010000000|010000000|010000000|010000111|111111111
BX= 101 event= 62 seed= CT_D1D2 phisector= 10
00 000100110110110|0001000000011101011|00011110110010|11110001011|000000000|000000000|111111111|000000000|000000000|000000000
BX= 101 event= 62 seed= CT_D1L1 phisector= 24
00 111010111111000|0000010010100111011|11100001011001|11101110110|000000000|000000000|111111111|111111111|001000000|001000000
BX= 110 event= 63 seed= CT_L1L2 phisector= 5
00 000000001001011|0001001010101010010|00000110011010|00000110101|001000000|010000000|001000000|010000000|001000000|010000000
BX= 110 event= 63 seed= CT_L1L2 phisector= 19
00 111111110111001|0000011010101001110|11111001100101|00000110110|000000001|000000000|000000000|000000000|000000000|000000000
BX= 000 event= 65 seed= CT_L1L2 phisector= 8
00 111111110100111|0000011110110101011|00000101100110|00010011001|000000000|001000000|000000000|001000000|000000000|111111111
BX= 000 event= 65 seed= CT_L1L2 phisector= 21
00 000000001100101|0001001110100010011|11111010010111|00010010111|001000000|010000000|001000000|010000000|001000000|010000000
BX= 010 event= 67 seed= CT_L1L2 phisector= 10
00 000000000110100|0001010001111000010|11111111101110|11111001001|010000000|010000000|010000000|010000000|010000001|010000000
BX= 010 event= 67 seed= CT_L1L2 phisector= 24
00 111111111001010|0000100001110011011|00000000001101|11111001000|000000000|001000000|000000000|001000000|000000000|001000000
BX= 100 event= 69 seed= CT_D1D2 phisector= 12
00 000000011101000|0001010101101011011|11011110101000|00000011011|010000000|010000000|111111111|111111111|111111111|111111111
BX= 100 event= 69 seed= CT_D1L1 phisector= 26
00 111111100100110|0000100101111000100|00100001001101|00000111011|000000000|000000000|000000000|000000000|000000000|000000000
BX= 101 event= 70 seed= CT_L3L4 phisector= 5
00 111111110111000|0001100111111001000|11111000010100|00000110101|010000000|011000000|010000000|011000000|010000000|011000000
BX= 101 event= 70 seed= CT_L1L2 phisector= 19
00 000000001001011|0000110111101010101|00000111101100|00000110010|001000000|001000000|001000000|001000000|001000000|001000000
BX= 110 event= 71 seed= CT_L1L2 phisector= 3
00 111111101111111|0001100000001110000|00010010000000|00000111001|010000000|011000000|010000000|010000000|010000000|010000000
BX= 110 event= 71 seed= CT_L1L2 phisector= 17
00 000000010000010|0000110000010000111|11101110000111|00000111000|000000000|001000000|000000000|000000000|000000000|000000000
BX= 111 event= 72 seed= CT_L1L2 phisector= 4
00 111111110010001|0000010111111001100|00001100011101|11110110111|000000001|000000000|000000000|000000000|000000000|000000000
BX= 111 event= 72 seed= CT_L3L4 phisector= 17
00 000000001110110|0001001000001010111|11110011100110|11110111011|001000000|010000000|001000000|010000000|111111111|001000000
BX= 000 event= 73 seed= CT_L1L2 phisector= 5
00 111111110111110|0001100100000011011|00000011000110|00000010101|010000001|011000000|010000000|011000000|010000000|011000000
BX= 000 event= 73 seed= CT_L1L2 phisector= 19
00 000000001000101|0000110011111111110|11111100111101|00000010001|001000000|001000000|001000000|001000000|001000000|001000000
BX= 001 event= 74 seed= CT_L1L2 phisector= 5
00 000000001110111|0000110110001000110|00001111111011|00000001100|001000000|001000000|001000000|001000000|001000000|001000000
BX= 001 event= 74 seed= CT_L1L2 phisector= 18
00 111111101110011|0001100110011000001|11110000000111|00000001110|010000000|011000000|010000000|010000000|010000000|010000001
01 111101001111101|0001100011100110001|11110000001000|00000001110|010000100|111000000|000000000|000000000|000000001|000000000
BX= 010 event= 75 seed= CT_L1L2 phisector= 5
00 111111110111001|0001000101011110010|11110111101011|11110100000|001000001|010000000|001000000|010000000|001000000|111111111
BX= 010 event= 75 seed= CT_L1L2 phisector= 19
00 000000001001011|0000010101011111111|00001000010110|11110011110|000000000|000000000|000000000|000000000|000000000|000000000
BX= 011 event= 76 seed= CT_L1L2 phisector= 1
00 111100100011111|0000001010111101001|00010001000011|00000101010|000000000|000000000|000000000|001000000|000000000|000000000
BX= 011 event= 76 seed= CT_D1L2 phisector= 1
00 111100100011111|0000001010111001000|00010001010000|00000010101|000000001|000000000|111111111|111111111|111111111|111111111
BX= 011 event= 76 seed= CT_L1L2 phisector= 14
00 000011011000101|0000111010001001100|11101111000001|00000100101|000000000|001000000|000000000|000000000|000000000|000000000
BX= 011 event= 76 seed= CT_D1L2 phisector= 14
00 000011010110010|0000111001111001000|11101111001010|00000010101|000000001|001000001|111111111|111111111|111111111|111111111
BX= 110 event= 79 seed= CT_L1L2 phisector= 5
00 000000000111100|0001011001010001001|00000101111010|00001101010|010000000|010000000|010000000|010000000|010000000|010000000
BX= 110 event= 79 seed= CT_L1L2 phisector= 19
00 111111111000101|0000101001001100110|11111010001000|00001101100|000000000|001000000|000000000|001000000|000000000|111111111
BX= 111 event= 80 seed= CT_L1L2 phisector= 1
00 111111110001100|0000110000010000000|11110011111111|11111011110|001000000|001000000|001000000|111111111|001000000|001000000
BX= 111 event= 80 seed= CT_L1L2 phisector= 14
00 000000001111110|0001100000001111001|00001011111101|11111100000|010000000|010000000|010000000|111111111|010000000|111111111
BX= 000 event= 81 seed= CT_L1L2 phisector= 3
00 111111001100010|0000110011111100001|00000101101011|00001010111|001000000|001000000|001000000|001000000|001000000|010000000
BX= 000 event= 81 seed= CT_L1L2 phisector= 16
00 000000110100001|0001100011111011110|11111010010101|00001011000|010000000|011000000|010000000|010000000|010000000|010000100
BX= 001 event= 82 seed= CT_L1L2 phisector= 13
00 111101111001001|0000111010010001111|11111111111111|11110101110|001000000|010000000|001000000|010000000|010000000|010000000
BX= 001 event= 82 seed= CT_L1L2 phisector= 26
00 000010001000000|0001101010000001111|11111111111110|11110101100|010000000|011000000|010000000|010000000|010000000|010000001
BX= 011 event= 84 seed= CT_L1L2 phisector= 4
00 111111110111000|0000111001010011010|00001000011101|00010001100|001000000|001000000|001000000|001000000|001000000|111111111
BX= 011 event= 84 seed= CT_L1L2 phisector= 17
00 000000001010011|0001101001010001100|11110111100001|00010001011|010000001|011000000|010000000|011000000|010000000|011000000
BX= 100 event= 85 seed= CT_D1D2 phisector= 8
00 111110000111010|0000100110011011111|11011001001101|00000011111|000000000|000000000|111111111|111111111|111111111|111111111
BX= 100 event= 85 seed= CT_D1D2 phisector= 21
00 000001111001010|0001010110010111100|00100110110000|00000101101|001000000|001000000|111111111|001000000|001000000|001000000
BX= 101 event= 86 seed= CT_D1D2 phisector= 2
00 000010100100010|0001000101101111101|11101001110000|00000110110|001000001|001000000|111111111|111111111|111111111|111111111
BX= 101 event= 86 seed= CT_D1D2 phisector= 16
00 111101011001100|0000010101111110111|00010110110110|00000001101|000000000|000000000|111111111|000000001|001000000|001000000
BX= 110 event= 87 seed= CT_L1L2 phisector= 12
00 111111111000010|0000010011000000110|11111111111001|11110010000|000000000|000000000|000000000|000000000|000000000|000000000
BX= 110 event= 87 seed= CT_L1L2 phisector= 25
00 000000000111111|0001000011000110110|00000000000011|11110001111|001000000|010000000|001000000|010000000|001000000|010000000
BX= 111 event= 88 seed= CT_L1L2 phisector= 3
00 000000001101010|0001011011100101001|00001001110110|00000010001|010000000|010000000|010000000|010000000|010000000|111111111
BX= 111 event= 88 seed= CT_L1L2 phisector= 17
00 111111110100001|0000101011100000011|11110110000110|00000010010|000000001|001000000|000000000|001000000|000000000|000000000
BX= 001 event= 90 seed= CT_D1D2 phisector= 5
00 000001011000011|0001010001101000000|00011111100110|11111111011|001000000|001000000|111111111|001000000|001000000|001000000
BX= 001 event= 90 seed= CT_D1D2 phisector= 19
00 111110100100100|0000100001011100110|11100000010000|00000000010|000000000|000000000|111111111|111111111|111111111|111111111
BX= 010 event= 91 seed= CT_L1L2 phisector= 12
00 111010010000010|0000010110100101100|11110010111111|00000101101|000000000|001000000|001000000|010000000|111111111|010000000
BX= 010 event= 91 seed= CT_L1L2 phisector= 25
00 000101100110111|0001001000011001111|00001100111111|00000100110|001000000|001000000|000000000|000000000|010000001|010000000
BX= 011 event= 92 seed= CT_D1D2 phisector= 11
00 000001010101101|0000111011110111000|00100111101100|00000010100|001000000|001000000|111111111|001000000|001000000|001000000
BX= 011 event= 92 seed= CT_D1D2 phisector= 25
00 111110101101110|0000001100011100100|11011000000100|00000001101|000000000|000000000|111111111|111111111|111111111|111111111
BX= 100 event= 93 seed= CT_L3L4 phisector= 3
00 111111110101010|0000101000111110000|00001101000100|00000010000|000000000|001000000|000000000|001000000|000000000|000000000
BX= 100 event= 93 seed= CT_L1L2 phisector= 16
00 000000001011010|0001011000110100010|11110010111100|00000001110|010000000|010000000|010000001|010000000|010000000|010000000
BX= 110 event= 95 seed= CT_L1L2 phisector= 3
00 000000001101111|0000010011010001101|00000100110011|00010101001|000000000|000000000|000000000|000000000|000000000|000000000
BX= 110 event= 95 seed= CT_L1L2 phisector= 16
00 111111110010101|0001000011010101111|11111011001101|00010100111|001000000|010000000|001000000|010000000|001000000|010000000
BX= 111 event= 96 seed= CT_L1L2 phisector= 1
00 000000010101001|0001101010000001011|00000011011000|00010010100|010000000|011000000|010000000|011000000|010000000|011000000
BX= 111 event= 96 seed= CT_L1L2 phisector= 15
00 111111101011000|0000111001111101001|11111100100100|00010010110|001000000|001000000|001000000|001000000|001000000|001000000
BX= 000 event= 97 seed= CT_L1L2 phisector= 12
00 000101010110100|0001100011100001100|00010001001001|00000100011|010000000|010000000|001000000|000000000|001000000|001000000
BX= 000 event= 97 seed= CT_L1L2 phisector= 26
00 111010100011101|0000110100101101101|11101110110000|00000011010|001000000|010000000|010000000|000000000|010000000|010000000
BX= 000 event= 97 seed= CT_D1L2 phisector= 26
00 111010100100100|0000110100110000000|11101110111100|00000001100|010000001|010000000|111111111|111111111|111111111|111111111
BX= 010 event= 99 seed= CT_L1L2 phisector= 5
00 000000111111101|0001011110110100010|11111111100010|00001110100|010000000|010000000|010000000|010000000|010000000|010000000
BX= 010 event= 99 seed= CT_L1L2 phisector= 19
00 111111000001110|0000101111000111010|00000000011010|00001110111|001000000|001000000|001000000|001000000|001000000|001000000
BX= 011 event= 100 seed= CT_L1L2 phisector= 3
00 000001000111100|0001001010111111111|00010110000011|00010000000|001000000|010000000|111111111|001000000|001000000|001000001
BX= 011 event= 100 seed= CT_L1L2 phisector= 17
00 111110111000001|0000011010110000011|11101010000111|00010000000|000000000|001000000|000000001|000000000|000000000|111111111
