BX= 000 event= 1 seed= CT_L1L2 phisector= 13
00 0.000213369 0.105362 -0.666016 -1.875 000000000 001000000 000000000|001000000|000000000|001000000
BX= 000 event= 1 seed= CT_L1L2 phisector= 26
00 -0.000208318 0.221977 0.671875 -1.99219 010000001 010000000 010000000|010000000|010000000|011000000
BX= 001 event= 2 seed= CT_D1D2 phisector= 13
00 -0.00296696 0.143228 -3.88867 -3.39844 001000000 010000000 111111111|111111111|111111111|111111111
BX= 001 event= 2 seed= CT_D1D2 phisector= 26
00 0.00292151 0.253457 3.88086 -1.93359 010000000 010000000 111111111|001000000|001000000|001000000
BX= 010 event= 3 seed= CT_D1D2 phisector= 12
00 0.000270183 0.238709 -2.625 -0.351562 010000000 010000000 111111111|111111111|111111111|111111111
BX= 010 event= 3 seed= CT_D1D2 phisector= 26
00 -0.000270183 0.122832 2.60547 -1.05469 001000000 001000000 111111111|001000000|001000000|001000000
BX= 100 event= 5 seed= CT_L1L2 phisector= 10
00 -0.000813073 0.244258 -1.94727 3.57422 010000000 011000000 010000000|000000000|000000000|000000000
BX= 100 event= 5 seed= CT_L1L2 phisector= 24
00 0.000824436 0.126463 1.94727 3.63281 000000000 001000000 000000000|000000000|000000000|000000000
BX= 101 event= 6 seed= CT_L1L2 phisector= 7
00 0.000214631 0.157531 -0.0625 1.93359 001000000 010000000 001000000|001000001|001000000|001000000
BX= 101 event= 6 seed= CT_L1L2 phisector= 21
00 -0.000208318 0.0412376 0.0585938 1.69922 000000000 000000000 000000000|000000000|000000000|000000000
BX= 110 event= 7 seed= CT_L1L2 phisector= 5
00 0.000147717 0.0840754 1.73047 -3.10547 000000000 001000000 000000000|111111111|000000000|000000000
BX= 110 event= 7 seed= CT_L1L2 phisector= 18
00 -0.000126254 0.200596 -1.74023 -2.92969 010000000 010000000 010000000|010000000|010000000|010000000
BX= 111 event= 8 seed= CT_L3L4 phisector= 4
00 8.58524e-05 0.0958691 -1.13477 1.46484 000000000 001000000 000000000|001000000|000000000|111111111
BX= 111 event= 8 seed= CT_L1L2 phisector= 17
00 -8.7115e-05 0.212347 1.12695 1.11328 010000000 010000000 010000000|010000000|010000000|111111111
BX= 000 event= 9 seed= CT_D1D2 phisector= 5
00 -0.00027397 0.246332 3.67188 4.10156 010000000 010000000 111111111|010000000|010000000|010000000
BX= 000 event= 9 seed= CT_D3D4 phisector= 19
00 0.000284071 0.130052 -3.66797 4.04297 001000001 001000001 111111111|111111111|111111111|111111111
BX= 001 event= 10 seed= CT_D1D2 phisector= 13
00 -0.00183951 0.12368 -3.77344 -1.69922 001000000 001000000 111111111|111111111|111111111|111111111
BX= 001 event= 10 seed= CT_D1D2 phisector= 26
00 0.00184961 0.235949 3.75586 -0.9375 010000000 010000000 111111111|001000000|001000000|001000000
BX= 010 event= 11 seed= CT_L1L2 phisector= 13
00 -0.000983515 0.109642 2.34766 -5.56641 001000000 001000000 001000000|001000000|001000000|001000000
BX= 010 event= 11 seed= CT_D1D2 phisector= 26
00 0.000963315 0.225666 -2.33984 -4.92188 010000000 010000000 111111111|111111111|111111111|111111111
BX= 011 event= 12 seed= CT_D1D2 phisector= 10
00 0.000213369 0.0867078 -2.94531 1.11328 000000000 000000000 111111111|111111111|111111111|111111111
BX= 011 event= 12 seed= CT_D1D2 phisector= 23
00 -0.000208318 0.203603 2.92578 2.63672 010000000 010000000 111111111|010000000|010000000|010000000
BX= 100 event= 13 seed= CT_D1D2 phisector= 1
00 -0.000816861 0.0283029 -5.24023 5.27344 000000000 000000000 111111111|111111111|111111111|111111111
BX= 100 event= 13 seed= CT_D1D2 phisector= 14
00 0.00087115 0.142968 5.24219 4.51172 001000000 001000000 111111111|001000000|001000000|001000000
BX= 100 event= 13 seed= CT_D1L1 phisector= 27
00 -0.000590867 0.263234 -5.11914 2.16797 111000000 010000000 000000000|000000000|111111111|111111111
BX= 101 event= 14 seed= CT_D1L2 phisector= 6
00 0.000159079 0.274052 -2.26367 8.32031 010000001 011000000 111111111|111111111|111111111|111111111
BX= 101 event= 14 seed= CT_L1L2 phisector= 7
00 0.000161605 0.0415027 -2.36133 12.832 000000000 111000000 010000000|010000000|010000000|010000000
01 0.00016413 0.04155 -2.36719 13.0078 000000010 111000000 010000000|010000000|010000001|010000001
BX= 101 event= 14 seed= CT_L1L2 phisector= 20
00 -0.000162867 0.157962 2.37305 12.9492 001000000 010000000 001000000|001000001|001000000|001000000
BX= 110 event= 15 seed= CT_D1L1 phisector= 10
00 -0.00027397 0.0537083 3.17969 5.03906 000000000 000000000 111111111|000000000|000000000|000000000
BX= 110 event= 15 seed= CT_L1L2 phisector= 23
00 0.00026387 0.17031 -3.20703 4.62891 001000000 010000000 001000000|001000001|001000000|001000000
BX= 000 event= 17 seed= CT_L1L2 phisector= 8
00 -0.000116153 0.171091 1.0625 0.234375 001000000 010000000 001000000|010000000|001000000|111111111
BX= 000 event= 17 seed= CT_L1L2 phisector= 22
00 0.000136354 0.0556021 -1.06445 0.410156 000000000 000000000 000000000|000000000|111111111|111111111
BX= 001 event= 18 seed= CT_L1L2 phisector= 6
00 -0.00258567 0.222366 2.35156 -4.21875 010000001 011000000 000000000|000000000|000000000|000000000
BX= 001 event= 18 seed= CT_D1L2 phisector= 6
00 -0.00256673 0.222517 2.36914 -5.09766 111000001 011000000 111111111|111111111|111111111|111111111
BX= 001 event= 18 seed= CT_D1D2 phisector= 19
00 0.00259072 0.335648 -2.36719 -3.45703 010000000 010000000 111111111|111111111|111111111|111111111
BX= 001 event= 18 seed= CT_D1L2 phisector= 20
00 0.0025983 0.103591 -2.38672 -2.87109 111000000 000000000 111111111|111111111|111111111|111111111
BX= 010 event= 19 seed= CT_L1L2 phisector= 10
00 0.000145192 0.0702696 -0.15625 2.22656 000000000 000000000 000000000|000000000|000000000|000000000
BX= 010 event= 19 seed= CT_L1L2 phisector= 23
00 -0.000145192 0.186625 0.154297 2.16797 001000000 010000000 001000000|010000000|001000000|010000000
BX= 011 event= 20 seed= CT_L3L4 phisector= 12
00 -0.00027902 0.052108 0.396484 0.761719 000000000 000000000 000000000|000000000|000000000|000000000
BX= 011 event= 20 seed= CT_L1L2 phisector= 25
00 0.000285333 0.168302 -0.408203 0.9375 001000000 010000000 001000000|010000000|001000000|001000000
BX= 100 event= 21 seed= CT_L3L4 phisector= 6
00 9.97403e-05 0.111379 -0.175781 -1.23047 000000000 001000000 000000000|001000000|000000000|001000000
BX= 100 event= 21 seed= CT_L1L2 phisector= 19
00 -9.34276e-05 0.227924 0.167969 -1.11328 010000000 010000000 010000000|010000000|010000000|111111111
BX= 101 event= 22 seed= CT_L1L2 phisector= 12
00 -0.000198218 0.17458 0.207031 1.64062 001000000 010000000 001000000|010000000|001000000|010000000
BX= 101 event= 22 seed= CT_L1L2 phisector= 26
00 0.000202006 0.0582723 -0.216797 1.69922 000000000 000000000 111111111|000000000|000000000|000000000
BX= 110 event= 23 seed= CT_L1L2 phisector= 13
00 0.000195693 0.22121 -0.775391 1.40625 010000000 010000000 010000000|010000000|010000000|010000000
BX= 110 event= 23 seed= CT_L1L2 phisector= 27
00 -0.000190643 0.104983 0.773438 1.58203 000000000 001000000 000000000|001000000|000000000|001000000
BX= 111 event= 24 seed= CT_L1L2 phisector= 3
00 -0.00026387 0.113354 -1.15234 -6.62109 001000000 001000000 001000000|111111111|001000000|111111111
BX= 111 event= 24 seed= CT_L1L2 phisector= 16
00 0.000267658 0.229903 1.15039 -6.5625 010000000 010000000 010000000|010000000|010000000|111111111
BX= 000 event= 25 seed= CT_L1L2 phisector= 18
00 -0.000178018 0.261459 -1.86914 3.28125 010000000 011000000 010000000|111111111|010000000|010000000
BX= 001 event= 26 seed= CT_L1L2 phisector= 7
00 -7.70147e-05 0.121184 0.791016 5.09766 001000000 001000000 001000001|001000000|001000000|001000000
BX= 001 event= 26 seed= CT_L1L2 phisector= 20
00 7.95397e-05 0.237549 -0.789062 5.21484 010000000 011000001 010000000|011000000|010000000|010000000
BX= 010 event= 27 seed= CT_L3L4 phisector= 6
00 8.58524e-05 0.194546 0.923828 -8.37891 001000000 010000000 001000000|010000000|001000000|010000000
BX= 010 event= 27 seed= CT_L1L2 phisector= 20
00 -7.95397e-05 0.0784792 -0.929688 -8.4375 000000000 001000000 000000000|111111111|000000000|001000000
BX= 100 event= 29 seed= CT_L1L2 phisector= 11
00 8.20648e-05 0.0598963 -0.353516 -4.04297 000000000 000000000 000000000|000000000|000000000|000000000
BX= 100 event= 29 seed= CT_L1L2 phisector= 24
00 -8.20648e-05 0.17627 0.353516 -4.16016 001000000 010000000 111111111|010000000|001000000|010000000
BX= 101 event= 30 seed= CT_L1L2 phisector= 7
00 0.000114891 0.201932 1.21875 -0.292969 010000001 010000000 010000000|010000000|010000000|010000000
BX= 101 event= 30 seed= CT_L3L4 phisector= 21
00 -0.000107316 0.0853253 -1.22461 -0.351562 000000000 001000000 000000000|001000000|000000000|111111111
BX= 110 event= 31 seed= CT_L1L2 phisector= 11
00 -7.82772e-05 0.0587032 -0.535156 5.03906 000000000 000000000 000000000|000000000|000000000|000000000
BX= 110 event= 31 seed= CT_L1L2 phisector= 24
00 8.08023e-05 0.175148 0.533203 5.15625 001000000 010000001 001000000|010000000|001000000|010000000
BX= 111 event= 32 seed= CT_L1L2 phisector= 12
00 0.000297958 0.182946 2.75586 -2.69531 001000000 010000000 001000000|001000000|001000001|001000000
BX= 111 event= 32 seed= CT_D1D2 phisector= 12
00 0.000301746 0.183178 2.75195 -2.98828 001000001 001000000 111111111|001000000|001000000|001000000
BX= 111 event= 32 seed= CT_D1D2 phisector= 26
00 -0.000299221 0.066534 -2.76758 -1.75781 000000000 000000000 111111111|111111111|111111111|111111111
BX= 000 event= 33 seed= CT_L1L2 phisector= 2
00 -0.000373711 0.230973 -1.10742 0.0585938 010000000 011000000 010000001|011000000|010000000|111111111
BX= 000 event= 33 seed= CT_L3L4 phisector= 16
00 0.000381286 0.114779 1.10156 0.585938 000000000 001000000 000000000|001000000|000000000|111111111
BX= 001 event= 34 seed= CT_D1D2 phisector= 7
00 -0.000410324 0.0469853 -4.85938 1.28906 000000000 000000000 111111111|111111111|111111111|111111111
BX= 001 event= 34 seed= CT_D1D2 phisector= 20
00 0.000412849 0.162469 4.84375 0.878906 001000000 001000000 111111111|001000000|001000000|001000000
BX= 010 event= 35 seed= CT_L1L2 phisector= 9
00 -9.97403e-05 0.125673 0.0878906 7.08984 001000000 001000000 001000000|001000000|001000000|001000000
BX= 010 event= 35 seed= CT_L1L2 phisector= 22
00 9.84778e-05 0.242038 -0.09375 7.20703 010000000 011000000 010000000|011000000|010000000|011000000
BX= 011 event= 36 seed= CT_L1L2 phisector= 1
00 0.000483551 0.142689 -1.32812 2.05078 001000000 001000000 001000000|001000000|001000000|001000000
BX= 011 event= 36 seed= CT_L1L2 phisector= 14
00 -0.000487339 0.258916 1.32617 1.99219 010000000 011000000 000000000|000000000|111111111|000000000
BX= 011 event= 36 seed= CT_L3L4 phisector= 15
00 -0.000487339 0.0262339 1.32617 1.99219 000000000 000000000 010000000|011000000|111111111|000000000
BX= 100 event= 37 seed= CT_L3L4 phisector= 1
00 0.000199481 0.0999218 0.271484 -1.99219 000000000 001000000 000000000|001000000|000000000|001000000
BX= 100 event= 37 seed= CT_L5L6 phisector= 14
00 -0.000198218 0.21623 -0.273438 -1.875 010000000 010000000 010000000|010000000|010000000|010000000
BX= 101 event= 38 seed= CT_D1D2 phisector= 12
00 -0.000488601 0.0344057 -3.99023 -3.69141 000000001 000000000 111111111|111111111|111111111|111111111
BX= 101 event= 38 seed= CT_D1D2 phisector= 25
00 0.000484814 0.150605 4.01367 -3.63281 001000000 001000000 111111111|001000000|001000000|001000000
BX= 110 event= 39 seed= CT_L1L2 phisector= 3
00 0.000150242 0.251942 -1.32422 6.79688 010000000 011000000 010000001|011000000|010000000|010000000
BX= 110 event= 39 seed= CT_L3L4 phisector= 17
00 -0.000142667 0.135748 1.32031 6.97266 001000000 001000000 001000000|001000000|111111111|001000000
BX= 111 event= 40 seed= CT_L1L2 phisector= 13
00 -0.000402749 0.180034 0.169922 3.98438 001000000 010000000 001000000|010000000|010000000|010000000
BX= 111 event= 40 seed= CT_L5L6 phisector= 27
00 0.000402749 0.0634992 -0.179688 3.63281 000000000 000000000 000000000|000000000|000000000|000000000
BX= 010 event= 43 seed= CT_D1D2 phisector= 6
00 0.000501227 0.192628 -4.91797 5.74219 001000000 001000000 111111111|111111111|111111111|111111111
BX= 010 event= 43 seed= CT_D1D2 phisector= 20
00 -0.000525215 0.0769831 4.89648 5.56641 000000000 000000000 111111111|000000000|000000000|000000000
BX= 011 event= 44 seed= CT_L5L6 phisector= 11
00 0.000753734 0.212347 0.914062 0.117188 001000000 010000000 010000000|010000000|001000000|010000000
BX= 011 event= 44 seed= CT_L1L2 phisector= 25
00 -0.000734796 0.0963283 -0.919922 0.292969 000000000 001000000 000000000|001000000|001000000|111111111
BX= 101 event= 46 seed= CT_D1D2 phisector= 5
00 0.00195946 0.117747 -4.19531 -2.87109 000000000 000000000 111111111|111111111|111111111|111111111
BX= 101 event= 46 seed= CT_D1D2 phisector= 18
00 -0.00196829 0.236157 4.20312 -2.28516 010000001 111000000 111111111|000000000|000000000|000000000
BX= 101 event= 46 seed= CT_D3D4 phisector= 19
00 -0.00199859 0.00364557 4.20898 -2.46094 000000000 000000000 111111111|010000000|000000000|000000000
BX= 110 event= 47 seed= CT_L1L2 phisector= 13
00 -0.000334572 0.0845394 -1.57812 -6.21094 000000000 001000000 000000000|111111111|000000000|000000000
BX= 110 event= 47 seed= CT_L1L2 phisector= 26
00 0.000335834 0.200293 1.57227 -5.97656 010000001 010000000 001000000|010000000|001000000|001000000
BX= 111 event= 48 seed= CT_D1D2 phisector= 9
00 -0.00207435 0.243837 -5.10156 -2.92969 010000000 111000000 111111111|111111111|111111111|111111111
BX= 111 event= 48 seed= CT_D3D4 phisector= 10
00 -0.00209707 0.0107237 -5.10938 -2.92969 000000000 000000000 111111111|111111111|111111111|111111111
BX= 111 event= 48 seed= CT_D1D2 phisector= 23
00 0.00209202 0.125185 5.09961 -2.87109 000000001 000000000 111111111|000000000|000000000|000000001
BX= 000 event= 49 seed= CT_L1L2 phisector= 10
00 -6.94395e-05 0.0873848 -0.154297 5.39062 000000000 001000000 000000000|001000000|000000000|001000000
BX= 000 event= 49 seed= CT_L1L2 phisector= 23
00 7.44896e-05 0.203679 0.154297 5.27344 010000000 010000000 010000000|010000000|010000000|010000000
BX= 001 event= 50 seed= CT_D1L2 phisector= 4
00 -0.000272708 0.247549 -2.25 -4.21875 010000010 011000000 111111111|111111111|111111111|111111111
BX= 001 event= 50 seed= CT_D1L2 phisector= 18
00 0.000272708 0.130497 2.25586 -4.86328 001000010 001000000 111111111|111111111|111111111|111111111
BX= 010 event= 51 seed= CT_D1D2 phisector= 12
00 0.000300483 0.0592903 -4.91016 -0.234375 000000000 000000000 111111111|111111111|111111111|111111111
BX= 010 event= 51 seed= CT_D1D2 phisector= 25
00 -0.000326997 0.17592 4.875 -0.644531 001000000 001000000 111111111|001000000|001000000|001000000
01 -0.000318159 0.176285 4.96094 -3.51562 001000000 001000001 111111111|001000001|001000000|001000001
BX= 011 event= 52 seed= CT_L1L2 phisector= 2
00 -0.00025377 0.139147 1.70312 -5.39062 001000000 001000000 001000000|111111111|001000000|001000000
BX= 011 event= 52 seed= CT_L1L2 phisector= 15
00 0.000242407 0.25591 -1.71484 -5.44922 010000001 011000000 010000000|010000000|010000000|010000000
BX= 100 event= 53 seed= CT_L1L2 phisector= 3
00 -9.97403e-05 0.219198 1.56836 -5.09766 010000000 010000001 010000000|111111111|010000000|010000000
BX= 100 event= 53 seed= CT_L1L2 phisector= 17
00 0.000113628 0.102886 -1.57617 -5.39062 000000000 001000000 000000000|001000000|000000000|000000000
BX= 101 event= 54 seed= CT_L1L2 phisector= 4
00 0.000178018 0.15942 1.87305 -2.34375 001000000 010000000 111111111|001000000|001000000|001000000
BX= 101 event= 54 seed= CT_L1L2 phisector= 18
00 -0.000188118 0.043548 -1.87305 -2.16797 000000000 000000000 000000000|000000000|000000000|000000000
BX= 110 event= 55 seed= CT_D3D4 phisector= 11
00 -0.000512589 0.0594891 -4.76367 0.351562 000000001 000000000 111111111|111111111|111111111|111111111
BX= 110 event= 55 seed= CT_D1D2 phisector= 24
00 0.000493651 0.176815 4.73633 0.9375 001000000 001000000 111111111|001000000|001000000|001000000
BX= 011 event= 60 seed= CT_L1L2 phisector= 3
00 -0.000132566 0.0901214 -1.92188 8.78906 000000001 001000000 000000000|000000000|000000000|000000000
BX= 011 event= 60 seed= CT_L1L2 phisector= 16
00 0.000133829 0.206647 1.92188 9.02344 010000000 010000000 010000000|010000000|010000000|010000000
BX= 100 event= 61 seed= CT_L3L4 phisector= 8
00 9.46902e-05 0.0880003 1.01953 -1.05469 000000000 001000000 000000001|001000000|000000000|001000000
BX= 100 event= 61 seed= CT_L3L4 phisector= 21
00 -9.09026e-05 0.204143 -1.03125 -0.761719 010000000 010000000 010000000|010000000|010000111|111111111
BX= 101 event= 62 seed= CT_D1D2 phisector= 10
00 0.00313866 0.156253 3.84766 -6.85547 000000000 000000000 111111111|000000000|000000000|000000000
BX= 101 event= 62 seed= CT_D1L1 phisector= 24
00 -0.00324219 0.0451246 -3.82617 -8.08594 000000000 000000000 111111111|111111111|001000000|001000000
BX= 110 event= 63 seed= CT_L1L2 phisector= 5
00 9.46902e-05 0.180981 0.800781 3.10547 001000000 010000000 001000000|010000000|001000000|010000000
BX= 110 event= 63 seed= CT_L1L2 phisector= 19
00 -8.964e-05 0.0646071 -0.802734 3.16406 000000001 000000000 000000000|000000000|000000000|000000000
BX= 000 event= 65 seed= CT_L1L2 phisector= 8
00 -0.000112366 0.0747437 0.699219 8.96484 000000000 001000000 000000000|001000000|000000000|111111111
BX= 000 event= 65 seed= CT_L1L2 phisector= 21
00 0.000127516 0.190379 -0.705078 8.84766 001000000 010000000 001000000|010000000|001000000|010000000
BX= 010 event= 67 seed= CT_L1L2 phisector= 10
00 6.56519e-05 0.19848 -0.0351562 -3.22266 010000000 010000000 010000000|010000000|010000001|010000000
BX= 010 event= 67 seed= CT_L1L2 phisector= 24
00 -6.81769e-05 0.0819401 0.0253906 -3.28125 000000000 001000000 000000000|001000000|000000000|001000000
BX= 100 event= 69 seed= CT_D1D2 phisector= 12
00 0.000292908 0.207689 -4.17188 1.58203 010000000 010000000 111111111|111111111|111111111|111111111
BX= 100 event= 69 seed= CT_D1L1 phisector= 26
00 -0.000275233 0.0918305 4.15039 3.45703 000000000 000000000 000000000|000000000|000000000|000000000
BX= 101 event= 70 seed= CT_L3L4 phisector= 5
00 -9.09026e-05 0.251838 -0.960938 3.10547 010000000 011000000 010000000|011000000|010000000|011000000
BX= 101 event= 70 seed= CT_L1L2 phisector= 19
00 9.46902e-05 0.134938 0.960938 2.92969 001000000 001000000 001000000|001000000|001000000|001000000
BX= 110 event= 71 seed= CT_L1L2 phisector= 3
00 -0.000162867 0.233241 2.25 3.33984 010000000 011000000 010000000|010000000|010000000|010000000
BX= 110 event= 71 seed= CT_L1L2 phisector= 17
00 0.00016413 0.116994 -2.23633 3.28125 000000000 001000000 000000000|000000000|000000000|000000000
BX= 111 event= 72 seed= CT_L1L2 phisector= 4
00 -0.000140141 0.0579314 1.55664 -4.27734 000000001 000000000 000000000|000000000|000000000|000000000
BX= 111 event= 72 seed= CT_L3L4 phisector= 17
00 0.000148979 0.174945 -1.55078 -4.04297 001000000 010000000 001000000|010000000|111111111|001000000
BX= 000 event= 73 seed= CT_L1L2 phisector= 5
00 -8.33274e-05 0.242535 0.386719 1.23047 010000001 011000000 010000000|011000000|010000000|011000000
BX= 000 event= 73 seed= CT_L1L2 phisector= 19
00 8.7115e-05 0.126042 -0.380859 0.996094 001000000 001000000 001000000|001000000|001000000|001000000
BX= 001 event= 74 seed= CT_L1L2 phisector= 5
00 0.000150242 0.131231 1.99023 0.703125 001000000 001000000 001000000|001000000|001000000|001000000
BX= 001 event= 74 seed= CT_L1L2 phisector= 18
00 -0.000178018 0.248169 -1.98633 0.820312 010000000 011000000 010000000|010000000|010000000|010000001
01 -0.00178144 0.241427 -1.98438 0.820312 010000100 111000000 000000000|000000000|000000001|000000000
BX= 010 event= 75 seed= CT_L1L2 phisector= 5
00 -8.964e-05 0.168406 -1.04102 -5.625 001000001 010000000 001000000|010000000|001000000|111111111
BX= 010 event= 75 seed= CT_L1L2 phisector= 19
00 9.46902e-05 0.0521127 1.04297 -5.74219 000000000 000000000 000000000|000000000|000000000|000000000
BX= 011 event= 76 seed= CT_L1L2 phisector= 1
00 -0.00222333 0.0265559 2.13086 2.46094 000000000 000000000 000000000|001000000|000000000|000000000
BX= 011 event= 76 seed= CT_D1L2 phisector= 1
00 -0.00222333 0.0263996 2.15625 1.23047 000000001 000000000 111111111|111111111|111111111|111111111
BX= 011 event= 76 seed= CT_L1L2 phisector= 14
00 0.00218797 0.140956 -2.12305 2.16797 000000000 001000000 000000000|000000000|000000000|000000000
BX= 011 event= 76 seed= CT_D1L2 phisector= 14
00 0.00216399 0.140331 -2.10547 1.23047 000000001 001000001 111111111|111111111|111111111|111111111
BX= 110 event= 79 seed= CT_L1L2 phisector= 5
00 7.57521e-05 0.216391 0.738281 6.21094 010000000 010000000 010000000|010000000|010000000|010000000
BX= 110 event= 79 seed= CT_L1L2 phisector= 19
00 -7.44896e-05 0.0998697 -0.734375 6.32812 000000000 001000000 000000000|001000000|000000000|111111111
BX= 111 event= 80 seed= CT_L1L2 phisector= 1
00 -0.000146454 0.116961 -1.50195 -1.99219 001000000 001000000 001000000|111111111|001000000|001000000
BX= 111 event= 80 seed= CT_L1L2 phisector= 14
00 0.000159079 0.233283 1.49414 -1.875 010000000 010000000 010000000|111111111|010000000|111111111
BX= 000 event= 81 seed= CT_L1L2 phisector= 3
00 -0.00052269 0.125905 0.708984 5.09766 001000000 001000000 001000000|001000000|001000000|010000000
BX= 000 event= 81 seed= CT_L1L2 phisector= 16
00 0.000526477 0.242246 -0.708984 5.15625 010000000 011000000 010000000|010000000|010000000|010000100
BX= 001 event= 82 seed= CT_L1L2 phisector= 13
00 -0.00136228 0.141273 -0.00195312 -4.80469 001000000 010000000 001000000|010000000|010000000|010000000
BX= 001 event= 82 seed= CT_L1L2 phisector= 26
00 0.00137364 0.257022 -0.00390625 -4.92188 010000000 011000000 010000000|010000000|010000000|010000001
BX= 011 event= 84 seed= CT_L1L2 phisector= 4
00 -9.09026e-05 0.138901 1.05664 8.20312 001000000 001000000 001000000|001000000|001000000|111111111
BX= 011 event= 84 seed= CT_L1L2 phisector= 17
00 0.00010479 0.25519 -1.06055 8.14453 010000001 011000000 010000000|011000000|010000000|011000000
BX= 100 event= 85 seed= CT_D1D2 phisector= 8
00 -0.00121961 0.0931704 -4.84961 1.81641 000000000 000000000 111111111|111111111|111111111|111111111
BX= 100 event= 85 seed= CT_D1D2 phisector= 21
00 0.00122466 0.20936 4.84375 2.63672 001000000 001000000 111111111|001000000|001000000|001000000
BX= 101 event= 86 seed= CT_D1D2 phisector= 2
00 0.00165897 0.169065 -2.78125 3.16406 001000001 001000000 111111111|111111111|111111111|111111111
BX= 101 event= 86 seed= CT_D1D2 phisector= 16
00 -0.0016817 0.0532869 2.85547 0.761719 000000000 000000000 111111111|000000001|001000000|001000000
BX= 110 event= 87 seed= CT_L1L2 phisector= 12
00 -7.82772e-05 0.0460857 -0.0136719 -6.5625 000000000 000000000 000000000|000000000|000000000|000000000
BX= 110 event= 87 seed= CT_L1L2 phisector= 25
00 7.95397e-05 0.162668 0.00585938 -6.62109 001000000 010000000 001000000|010000000|001000000|010000000
BX= 111 event= 88 seed= CT_L1L2 phisector= 3
00 0.000133829 0.221996 1.23047 0.996094 010000000 010000000 010000000|010000000|010000000|111111111
BX= 111 event= 88 seed= CT_L1L2 phisector= 17
00 -0.000119941 0.105461 -1.23828 1.05469 000000001 001000000 000000000|001000000|000000000|000000000
BX= 001 event= 90 seed= CT_D1D2 phisector= 5
00 0.000892613 0.197865 3.94922 -0.292969 001000000 001000000 111111111|001000000|001000000|001000000
BX= 001 event= 90 seed= CT_D1D2 phisector= 19
00 -0.000924176 0.0810832 -3.96875 0.117188 000000000 000000000 111111111|111111111|111111111|111111111
BX= 010 event= 91 seed= CT_L1L2 phisector= 12
00 -0.00371438 0.0547499 -1.62695 2.63672 000000000 001000000 001000000|010000000|111111111|010000000
BX= 010 event= 91 seed= CT_L1L2 phisector= 25
00 0.00362474 0.175513 1.62305 2.22656 001000000 001000000 000000000|000000000|010000001|010000000
BX= 011 event= 92 seed= CT_D1D2 phisector= 11
00 0.000864837 0.145103 4.96094 1.17188 001000000 001000000 111111111|001000000|001000000|001000000
BX= 011 event= 92 seed= CT_D1D2 phisector= 25
00 -0.000830748 0.0301683 -4.99219 0.761719 000000000 000000000 111111111|111111111|111111111|111111111
BX= 100 event= 93 seed= CT_L3L4 phisector= 3
00 -0.000108578 0.0993111 1.63281 0.9375 000000000 001000000 000000000|001000000|000000000|000000000
BX= 100 event= 93 seed= CT_L1L2 phisector= 16
00 0.000113628 0.215297 -1.63281 0.820312 010000000 010000000 010000001|010000000|010000000|010000000
BX= 110 event= 95 seed= CT_L1L2 phisector= 3
00 0.000140141 0.0467249 0.599609 9.90234 000000000 000000000 000000000|000000000|000000000|000000000
BX= 110 event= 95 seed= CT_L1L2 phisector= 16
00 -0.000135091 0.163241 -0.599609 9.78516 001000000 010000000 001000000|010000000|001000000|010000000
BX= 111 event= 96 seed= CT_L1L2 phisector= 1
00 0.000213369 0.257003 0.421875 8.67188 010000000 011000000 010000000|011000000|010000000|011000000
BX= 111 event= 96 seed= CT_L1L2 phisector= 15
00 -0.000212106 0.140487 -0.429688 8.78906 001000000 001000000 001000000|001000000|001000000|001000000
BX= 000 event= 97 seed= CT_L1L2 phisector= 12
00 0.00345935 0.241252 2.14258 2.05078 010000000 010000000 001000000|000000000|001000000|001000000
BX= 000 event= 97 seed= CT_L1L2 phisector= 26
00 -0.00351869 0.12778 -2.15625 1.52344 001000000 010000000 010000000|000000000|010000000|010000000
BX= 000 event= 97 seed= CT_D1L2 phisector= 26
00 -0.00350985 0.12787 -2.13281 0.703125 010000001 010000000 111111111|111111111|111111111|111111111
BX= 010 event= 99 seed= CT_L1L2 phisector= 5
00 0.000642631 0.229841 -0.0585938 6.79688 010000000 010000000 010000000|010000000|010000000|010000000
BX= 010 event= 99 seed= CT_L1L2 phisector= 19
00 -0.000628743 0.114206 0.0507812 6.97266 001000000 001000000 001000000|001000000|001000000|001000000
BX= 011 event= 100 seed= CT_L1L2 phisector= 3
00 0.00072217 0.1818 2.75586 7.5 001000000 010000000 111111111|001000000|001000000|001000001
BX= 011 event= 100 seed= CT_L1L2 phisector= 17
00 -0.000725958 0.064858 -2.73633 7.5 000000000 001000000 000000001|000000000|000000000|111111111
